,ADefenceofPoetryandOtherEssays,AVindicationofNaturalDiet,BalladoftheLostHare,BenPepper,BertLloydsBoyhoodAStoryfromNovaScotia,ClarksField,DonalblaneofDarien,FiveLittlePeppersAbroad,FiveLittlePeppersGrownUp,FiveLittlePeppersMidway,FiveLittlePeppersandHowTheyGrew,FiveLittlePeppersandtheirFriends,FiveLittlePeppersatSchool,HegelsLecturesontheHistoryofPhilosophyVolume1of3,HegelsLecturesontheHistoryofPhilosophyVolume2of3,HegelsPhilosophyofMind,HisGreatAdventure,HistoryofaSixWeeksTourThroughaPartofFranceSwitzerlandGermanyandHollandWithLettersDescriptiveofaSailRoundtheLakeofGenevaandoftheGlaciersofChamouni,InPathsofPerilABoysAdventuresinNovaScotia,LiteraryLoveLettersandOtherStories,MyStrangeRescueandOtherStoriesofSportandAdventureinCanada,PeterBelltheThird,TerrysTrialsandTriumphs,TheAdventuresofJoelPepper,TheCommonLot,TheCompletePoeticalWorksofPercyByssheShelley—Complete,TheCompletePoeticalWorksofPercyByssheShelley—Volume1,TheCompletePoeticalWorksofPercyByssheShelley—Volume2,TheCompletePoeticalWorksofPercyByssheShelley—Volume3,TheDaemonoftheWorld,TheFamilyonWheels,TheHistoryofPhilosophyVolumeThreeof3,TheIntroductiontoHegelsPhilosophyofFineArtsTranslatedfromtheGermanwithNotesandPrefatoryEssay,TheLogicofHegel,TheManWhoWins,TheMasteroftheInn,TheMemoirsofanAmericanCitizen,ThePhilosophyofFineArtvolume1of4HegelsAesthetik,ThePhilosophyofFineArtvolume2of4HegelsAesthetik,ThePhilosophyofFineArtvolume3of4HegelsAesthetik,ThePhilosophyofFineArtvolume4of4HegelsAesthetik,TheStoriesPollyPepperToldtotheFiveLittlePeppersintheLittleBrownHouse,TheWebofLife,TheWitchofAtlas,TheWorldDecision,TheWreckersofSableIsland,TheYoungWoodsmanOrLifeintheForestsofCanada,TiTiPuABoyofRedRiver,Together,WithRogersontheFrontierAStoryof1756
ADefenceofPoetryandOtherEssays,0.0,0.3079429735234216,0.4256619144602851,0.7164969450101832,0.6122199592668025,0.5311608961303462,0.4928716904276986,0.7014256619144603,0.6810590631364561,0.6863543788187373,0.6615071283095724,0.6847250509164969,0.6830957230142567,0.2912423625254582,0.3018329938900204,0.27657841140529527,0.5804480651731161,0.3910386965376782,0.530346232179226,0.6219959266802444,0.5914460285132384,0.4517311608961303,0.5515274949083503,0.69979633401222,0.5694501018329938,0.42118126272912426,0.4236252545824847,0.41751527494908347,0.40855397148676176,0.39633401221995923,0.5551934826883911,0.30346232179226074,0.25213849287169043,0.2761710794297353,0.5661914460285132,0.48309572301425663,0.6321792260692465,0.25743380855397147,0.2826883910386966,0.26435845213849285,0.27413441955193485,0.6574338085539715,0.5890020366598778,0.4028513238289205,0.38289205702647655,0.5547861507128309,0.5881873727087576,0.4973523421588595,0.5678207739307536,0.5124236252545824
AVindicationofNaturalDiet,0.3079429735234216,0.0,0.3075356415478615,0.6566191446028513,0.5890020366598778,0.5169042769857434,0.439918533604888,0.6476578411405296,0.6240325865580448,0.629735234215886,0.6036659877800408,0.6293279022403259,0.635030549898167,0.42851323828920573,0.43421588594704685,0.41181262729124235,0.5148676171079429,0.3853360488798371,0.4582484725050916,0.5885947046843177,0.5482688391038697,0.36945010183299387,0.4961303462321792,0.6525458248472504,0.5458248472505092,0.4171079429735234,0.4268839103869654,0.4126272912423625,0.3788187372708758,0.2814663951120163,0.5124236252545824,0.4484725050916497,0.3841140529531568,0.42810590631364565,0.49816700610997966,0.4109979633401222,0.5918533604887983,0.37352342158859475,0.37963340122199596,0.36008146639511207,0.36089613034623214,0.6040733197556007,0.5331975560081467,0.294908350305499,0.38615071283095725,0.5160896130346232,0.5103869653767821,0.42769857433808556,0.5307535641547861,0.5120162932790224
BalladoftheLostHare,0.4256619144602851,0.3075356415478615,0.0,0.560081466395112,0.575560081466395,0.514460285132383,0.44684317718940936,0.5841140529531568,0.5356415478615071,0.5556008146639511,0.5331975560081467,0.5588594704684318,0.5588594704684318,0.4879837067209776,0.49205702647657845,0.46598778004073316,0.4863543788187372,0.4492871690427699,0.4423625254582485,0.5091649694501018,0.5551934826883911,0.35397148676171075,0.47576374745417516,0.5535641547861507,0.5095723014256619,0.5405295315682281,0.5433808553971486,0.5030549898167006,0.5026476578411405,0.33197556008146645,0.505498981670061,0.4782077393075357,0.4553971486761711,0.4940936863543788,0.41181262729124235,0.34175152749490834,0.5315682281059063,0.4484725050916497,0.43706720977596736,0.4264765784114053,0.4427698574338086,0.5112016293279023,0.4578411405295316,0.3372708757637475,0.445213849287169,0.4961303462321792,0.4928716904276986,0.41547861507128314,0.5107942973523422,0.49450101832993887
BenPepper,0.7164969450101832,0.6566191446028513,0.560081466395112,0.0,0.3523421588594705,0.3881873727087576,0.5083503054989817,0.14908350305498985,0.14867617107942976,0.15804480651731156,0.22688391038696543,0.11527494908350311,0.1441955193482688,0.6509164969450102,0.6688391038696537,0.7054989816700611,0.37718940936863543,0.6118126272912423,0.42729124236252547,0.29327902240325865,0.37393075356415484,0.5173116089613035,0.4191446028513238,0.13890020366598776,0.34093686354378816,0.570264765784114,0.5560081466395113,0.5885947046843177,0.5812627291242363,0.6439918533604888,0.39266802443991855,0.6749490835030549,0.7006109979633401,0.6863543788187373,0.33197556008146645,0.4993890020366599,0.2761710794297353,0.6908350305498981,0.70020366598778,0.7213849287169043,0.7177189409368636,0.22240325865580446,0.35437881873727084,0.5531568228105906,0.5576374745417516,0.40610997963340123,0.38940936863543785,0.5030549898167006,0.355193482688391,0.44358452138492876
BertLloydsBoyhoodAStoryfromNovaScotia,0.6122199592668025,0.5890020366598778,0.575560081466395,0.3523421588594705,0.0,0.29694501018329944,0.33482688391038695,0.36374745417515275,0.3718940936863544,0.3788187372708758,0.3621181262729124,0.3653767820773931,0.3613034623217922,0.5812627291242363,0.5963340122199592,0.6378818737270876,0.36334012219959266,0.4961303462321792,0.32505091649694506,0.3661914460285133,0.24195519348268835,0.46028513238289204,0.25824847250509164,0.36374745417515275,0.320162932790224,0.4973523421588595,0.490020366598778,0.5319755600814664,0.5112016293279023,0.6472505091649694,0.2957230142566192,0.6093686354378819,0.6321792260692465,0.6338085539714868,0.35112016293279025,0.46965376782077395,0.3364562118126273,0.615071283095723,0.615071283095723,0.6272912423625254,0.6285132382892057,0.4036659877800407,0.3466395112016293,0.5633401221995926,0.4843177189409369,0.2431771894093686,0.24154786150712826,0.3531568228105906,0.36048879837067205,0.2924643584521385
ClarksField,0.5311608961303462,0.5169042769857434,0.514460285132383,0.3881873727087576,0.29694501018329944,0.0,0.3714867617107943,0.3873727087576375,0.3873727087576375,0.37026476578411405,0.36048879837067205,0.3682281059063136,0.38696537678207743,0.5164969450101833,0.5295315682281059,0.5531568228105906,0.26720977596741347,0.4643584521384929,0.3323828920570264,0.33849287169042774,0.3262729124236252,0.46598778004073316,0.29938900203665986,0.38900203665987776,0.2272912423625254,0.4704684317718941,0.46558044806517307,0.49572301425661913,0.4716904276985744,0.6028513238289206,0.30264765784114056,0.5393075356415479,0.5360488798370673,0.5417515274949083,0.3197556008146639,0.42769857433808556,0.3173116089613035,0.55030549898167,0.5486761710794297,0.564969450101833,0.5694501018329938,0.4142566191446029,0.2692464358452138,0.5103869653767821,0.3841140529531568,0.3393075356415478,0.2985743380855397,0.35397148676171075,0.21873727087576378,0.34745417515274946
DonalblaneofDarien,0.4928716904276986,0.439918533604888,0.44684317718940936,0.5083503054989817,0.33482688391038695,0.3714867617107943,0.0,0.5010183299389002,0.4993890020366599,0.4619144602851324,0.41547861507128314,0.47902240325865575,0.4623217922606925,0.5022403258655804,0.525050916496945,0.5307535641547861,0.36659877800407337,0.3979633401221996,0.28391038696537674,0.464765784114053,0.33116089613034627,0.41547861507128314,0.27983706720977597,0.49164969450101836,0.4016293279022404,0.4415478615071283,0.44358452138492876,0.45336048879837065,0.42810590631364565,0.50020366598778,0.3103869653767821,0.5213849287169043,0.5169042769857434,0.5531568228105906,0.39226069246435846,0.34786150712830954,0.4623217922606925,0.5230142566191446,0.5006109979633402,0.5177189409368635,0.525050916496945,0.47291242362525454,0.39592668024439914,0.445213849287169,0.41792260692464356,0.29002036659877806,0.2985743380855397,0.22932790224032584,0.4207739307535642,0.2594704684317719
FiveLittlePeppersAbroad,0.7014256619144603,0.6476578411405296,0.5841140529531568,0.14908350305498985,0.36374745417515275,0.3873727087576375,0.5010183299389002,0.0,0.16130346232179227,0.13890020366598776,0.20081466395112013,0.14989816700611003,0.14297352342158864,0.660285132382892,0.6810590631364561,0.7018329938900203,0.3877800407331976,0.6,0.4317718940936863,0.27657841140529527,0.3727087576374746,0.5030549898167006,0.4207739307535642,0.16945010183299392,0.33116089613034627,0.5372708757637474,0.5295315682281059,0.5515274949083503,0.5454175152749491,0.6631364562118126,0.37718940936863543,0.6957230142566191,0.7010183299389002,0.6961303462321793,0.3462321792260692,0.5079429735234215,0.25091649694501017,0.7116089613034623,0.7262729124236252,0.7311608961303462,0.725050916496945,0.2118126272912424,0.3613034623217922,0.5714867617107944,0.5531568228105906,0.4138492871690428,0.3816700610997963,0.4908350305498982,0.34826883910386963,0.44439918533604883
FiveLittlePeppersGrownUp,0.6810590631364561,0.6240325865580448,0.5356415478615071,0.14867617107942976,0.3718940936863544,0.3873727087576375,0.4993890020366599,0.16130346232179227,0.0,0.15112016293279018,0.23991853360488802,0.16863543788187374,0.1633401221995927,0.6435845213849287,0.659877800407332,0.7034623217922606,0.3938900203665988,0.6073319755600814,0.4016293279022404,0.29694501018329944,0.39959266802443993,0.5148676171079429,0.4138492871690428,0.19470468431771892,0.3437881873727088,0.5568228105906314,0.5474541751527495,0.5723014256619144,0.5637474541751528,0.6395112016293278,0.364969450101833,0.6606924643584522,0.6826883910386965,0.6806517311608962,0.33890020366598783,0.4896130346232179,0.2790224032586558,0.6859470468431772,0.6908350305498981,0.710386965376782,0.7030549898167007,0.2623217922606924,0.3723014256619145,0.5674134419551935,0.5490835030549899,0.4077393075356416,0.39307535641547864,0.4867617107942973,0.35356415478615066,0.4293279022403259
FiveLittlePeppersMidway,0.6863543788187373,0.629735234215886,0.5556008146639511,0.15804480651731156,0.3788187372708758,0.37026476578411405,0.4619144602851324,0.13890020366598776,0.15112016293279018,0.0,0.2085539714867617,0.1568228105906314,0.14297352342158864,0.6431771894093686,0.654989816700611,0.6757637474541751,0.36008146639511207,0.590224032586558,0.42443991853360485,0.28350305498981665,0.3784114052953157,0.5075356415478616,0.39877800407331976,0.1767820773930754,0.3397148676171079,0.5364562118126273,0.5274949083503055,0.5494908350305499,0.539714867617108,0.6370672097759674,0.35682281059063137,0.6521384928716905,0.6708757637474542,0.6712830957230143,0.3397148676171079,0.47006109979633404,0.2729124236252546,0.6769857433808554,0.6924643584521385,0.709979633401222,0.6977596741344195,0.24439918533604887,0.34704684317718937,0.5319755600814664,0.5376782077393075,0.39511201629327897,0.3727087576374746,0.47535641547861507,0.3230142566191446,0.42851323828920573
FiveLittlePeppersandHowTheyGrew,0.6615071283095724,0.6036659877800408,0.5331975560081467,0.22688391038696543,0.3621181262729124,0.36048879837067205,0.41547861507128314,0.20081466395112013,0.23991853360488802,0.2085539714867617,0.0,0.2052953156822811,0.21670061099796334,0.6407331975560082,0.6615071283095724,0.6733197556008146,0.3560081466395112,0.5376782077393075,0.38940936863543785,0.3323828920570264,0.3625254582484725,0.49450101832993887,0.36700610997963345,0.21547861507128308,0.3336048879837067,0.5063136456211812,0.490020366598778,0.5213849287169043,0.5213849287169043,0.6073319755600814,0.3360488798370672,0.6720977596741344,0.6696537678207739,0.6639511201629328,0.33808553971486766,0.4688391038696538,0.31608961303462324,0.6953156822810591,0.6871690427698574,0.6965376782077393,0.6920570264765784,0.2016293279022403,0.33523421588594704,0.5156822810590631,0.5429735234215887,0.3780040733197556,0.3613034623217922,0.42810590631364565,0.3262729124236252,0.4321792260692464
FiveLittlePeppersandtheirFriends,0.6847250509164969,0.6293279022403259,0.5588594704684318,0.11527494908350311,0.3653767820773931,0.3682281059063136,0.47902240325865575,0.14989816700611003,0.16863543788187374,0.1568228105906314,0.2052953156822811,0.0,0.1470468431771894,0.6321792260692465,0.6452138492871691,0.6871690427698574,0.35804480651731163,0.5796334012219959,0.41221995926680244,0.2945010183299389,0.35112016293279025,0.5067209775967414,0.4,0.15763747454175148,0.32912423625254583,0.5336048879837068,0.520162932790224,0.5511201629327902,0.5429735234215887,0.6488798370672098,0.3613034623217922,0.6562118126272912,0.6830957230142567,0.674541751527495,0.3364562118126273,0.4965376782077393,0.2663951120162933,0.6639511201629328,0.6729124236252546,0.6908350305498981,0.6883910386965377,0.23625254582484723,0.3429735234215886,0.55030549898167,0.5323828920570265,0.3881873727087576,0.3853360488798371,0.47576374745417516,0.3421588594704684,0.4224032586558045
FiveLittlePeppersatSchool,0.6830957230142567,0.635030549898167,0.5588594704684318,0.1441955193482688,0.3613034623217922,0.38696537678207743,0.4623217922606925,0.14297352342158864,0.1633401221995927,0.14297352342158864,0.21670061099796334,0.1470468431771894,0.0,0.6435845213849287,0.6663951120162932,0.6822810590631365,0.3625254582484725,0.5828920570264766,0.41221995926680244,0.2887983706720978,0.37311608961303466,0.509979633401222,0.40529531568228105,0.19103869653767824,0.3295315682281059,0.5494908350305499,0.5368635437881873,0.570264765784114,0.5462321792260693,0.6553971486761712,0.3527494908350306,0.660285132382892,0.6704684317718941,0.6753564154786151,0.33197556008146645,0.505091649694501,0.28105906313645623,0.6883910386965377,0.6928716904276986,0.69979633401222,0.6953156822810591,0.2558044806517311,0.36374745417515275,0.5592668024439919,0.5344195519348269,0.39226069246435846,0.38289205702647655,0.4904276985743381,0.34460285132382895,0.419959266802444
HegelsLecturesontheHistoryofPhilosophyVolume1of3,0.2912423625254582,0.42851323828920573,0.4879837067209776,0.6509164969450102,0.5812627291242363,0.5164969450101833,0.5022403258655804,0.660285132382892,0.6435845213849287,0.6431771894093686,0.6407331975560082,0.6321792260692465,0.6435845213849287,0.0,0.10631364562118129,0.2541751527494909,0.5441955193482688,0.4431771894093687,0.5775967413441956,0.6114052953156823,0.5543788187372709,0.5164969450101833,0.5531568228105906,0.6619144602851323,0.5331975560081467,0.4843177189409369,0.49816700610997966,0.4936863543788187,0.4590631364562118,0.4680244399185336,0.5519348268839104,0.13971486761710794,0.22892057026476575,0.2081466395112016,0.5613034623217923,0.525050916496945,0.6130346232179227,0.22851323828920567,0.25498981670061105,0.2525458248472505,0.2529531568228106,0.645621181262729,0.5592668024439919,0.4863543788187372,0.41140529531568226,0.5751527494908351,0.5828920570264766,0.5368635437881873,0.5254582484725051,0.5185336048879837
HegelsLecturesontheHistoryofPhilosophyVolume2of3,0.3018329938900204,0.43421588594704685,0.49205702647657845,0.6688391038696537,0.5963340122199592,0.5295315682281059,0.525050916496945,0.6810590631364561,0.659877800407332,0.654989816700611,0.6615071283095724,0.6452138492871691,0.6663951120162932,0.10631364562118129,0.0,0.2244399185336049,0.5735234215885947,0.4423625254582485,0.5857433808553971,0.6378818737270876,0.5621181262729125,0.5421588594704685,0.5551934826883911,0.6814663951120163,0.5433808553971486,0.525050916496945,0.5393075356415479,0.5217922606924643,0.49775967413441957,0.47535641547861507,0.5556008146639511,0.11731160896130344,0.20733197556008143,0.19103869653767824,0.5824847250509164,0.530346232179226,0.6289205702647658,0.2207739307535641,0.2370672097759674,0.22851323828920567,0.23951120162932793,0.6696537678207739,0.5820773930753564,0.49490835030549896,0.419959266802444,0.589816700610998,0.6048879837067209,0.5336048879837068,0.5421588594704685,0.5230142566191446
HegelsPhilosophyofMind,0.27657841140529527,0.41181262729124235,0.46598778004073316,0.7054989816700611,0.6378818737270876,0.5531568228105906,0.5307535641547861,0.7018329938900203,0.7034623217922606,0.6757637474541751,0.6733197556008146,0.6871690427698574,0.6822810590631365,0.2541751527494909,0.2244399185336049,0.0,0.5519348268839104,0.42403258655804477,0.589816700610998,0.6272912423625254,0.584928716904277,0.5148676171079429,0.5718940936863544,0.7132382892057026,0.5441955193482688,0.49979633401222,0.5136456211812628,0.4672097759674134,0.47861507128309577,0.4142566191446029,0.5930753564154786,0.21670061099796334,0.19714867617107945,0.13930753564154785,0.5885947046843177,0.5075356415478616,0.645621181262729,0.23625254582484723,0.25010183299389,0.22566191446028516,0.2407331975560082,0.6631364562118126,0.5535641547861507,0.4513238289205702,0.39511201629327897,0.6069246435845214,0.610183299389002,0.5148676171079429,0.5507128309572301,0.55030549898167
HisGreatAdventure,0.5804480651731161,0.5148676171079429,0.4863543788187372,0.37718940936863543,0.36334012219959266,0.26720977596741347,0.36659877800407337,0.3877800407331976,0.3938900203665988,0.36008146639511207,0.3560081466395112,0.35804480651731163,0.3625254582484725,0.5441955193482688,0.5735234215885947,0.5519348268839104,0.0,0.4517311608961303,0.3812627291242362,0.3173116089613035,0.3205702647657841,0.4745417515274949,0.3132382892057026,0.37352342158859475,0.19999999999999996,0.4386965376782077,0.45010183299389006,0.4448065173116089,0.4256619144602851,0.5580448065173116,0.35071283095723016,0.5515274949083503,0.5490835030549899,0.5625254582484724,0.2757637474541752,0.3327902240325865,0.2753564154786151,0.5828920570264766,0.5637474541751528,0.5678207739307536,0.5788187372708757,0.38696537678207743,0.195112016293279,0.484725050916497,0.3661914460285133,0.3556008146639511,0.3144602851323829,0.3613034623217922,0.2118126272912424,0.3523421588594705
HistoryofaSixWeeksTourThroughaPartofFranceSwitzerlandGermanyandHollandWithLettersDescriptiveofaSailRoundtheLakeofGenevaandoftheGlaciersofChamouni,0.3910386965376782,0.3853360488798371,0.4492871690427699,0.6118126272912423,0.4961303462321792,0.4643584521384929,0.3979633401221996,0.6,0.6073319755600814,0.590224032586558,0.5376782077393075,0.5796334012219959,0.5828920570264766,0.4431771894093687,0.4423625254582485,0.42403258655804477,0.4517311608961303,0.0,0.44765784114052953,0.5279022403258655,0.4077393075356416,0.4358452138492872,0.42443991853360485,0.6126272912423625,0.4875763747454175,0.3877800407331976,0.39511201629327897,0.3560081466395112,0.38981670061099793,0.39226069246435846,0.4623217922606925,0.44725050916496945,0.42158859470468435,0.43788187372708753,0.5185336048879837,0.3971486761710794,0.5193482688391038,0.4317718940936863,0.41547861507128314,0.4032586558044806,0.419959266802444,0.5710794297352342,0.46354378818737274,0.41547861507128314,0.35356415478615066,0.4419551934826884,0.43462321792260694,0.38615071283095725,0.4810590631364562,0.4191446028513238
InPathsofPerilABoysAdventuresinNovaScotia,0.530346232179226,0.4582484725050916,0.4423625254582485,0.42729124236252547,0.32505091649694506,0.3323828920570264,0.28391038696537674,0.4317718940936863,0.4016293279022404,0.42443991853360485,0.38940936863543785,0.41221995926680244,0.41221995926680244,0.5775967413441956,0.5857433808553971,0.589816700610998,0.3812627291242362,0.44765784114052953,0.0,0.3942973523421589,0.34460285132382895,0.38859470468431767,0.26395112016293276,0.4558044806517312,0.3816700610997963,0.45621181262729127,0.4431771894093687,0.4716904276985744,0.47209775967413437,0.5116089613034623,0.2920570264765784,0.5816700610997964,0.569857433808554,0.6191446028513239,0.3564154786150713,0.4004073319755601,0.4321792260692464,0.5694501018329938,0.5588594704684318,0.5784114052953158,0.5820773930753564,0.4162932790224032,0.3743380855397148,0.4448065173116089,0.4619144602851324,0.30346232179226074,0.31283095723014254,0.29327902240325865,0.3727087576374746,0.2822810590631365
LiteraryLoveLettersandOtherStories,0.6219959266802444,0.5885947046843177,0.5091649694501018,0.29327902240325865,0.3661914460285133,0.33849287169042774,0.464765784114053,0.27657841140529527,0.29694501018329944,0.28350305498981665,0.3323828920570264,0.2945010183299389,0.2887983706720978,0.6114052953156823,0.6378818737270876,0.6272912423625254,0.3173116089613035,0.5279022403258655,0.3942973523421589,0.0,0.359674134419552,0.4684317718940937,0.39551934826883905,0.31894093686354374,0.2716904276985743,0.4965376782077393,0.4863543788187372,0.509979633401222,0.5344195519348269,0.6199592668024441,0.3812627291242362,0.630142566191446,0.6207739307535641,0.6268839103869654,0.27698574338085535,0.41751527494908347,0.2179226069246436,0.645621181262729,0.6496945010183299,0.6574338085539715,0.6521384928716905,0.3678207739307535,0.2729124236252546,0.5584521384928717,0.4908350305498982,0.3710794297352342,0.3360488798370672,0.46354378818737274,0.2753564154786151,0.42769857433808556
MyStrangeRescueandOtherStoriesofSportandAdventureinCanada,0.5914460285132384,0.5482688391038697,0.5551934826883911,0.37393075356415484,0.24195519348268835,0.3262729124236252,0.33116089613034627,0.3727087576374746,0.39959266802443993,0.3784114052953157,0.3625254582484725,0.35112016293279025,0.37311608961303466,0.5543788187372709,0.5621181262729125,0.584928716904277,0.3205702647657841,0.4077393075356416,0.34460285132382895,0.359674134419552,0.0,0.48839103869653766,0.26435845213849285,0.3690427698574338,0.31608961303462324,0.4391038696537678,0.44684317718940936,0.4517311608961303,0.44439918533604883,0.589816700610998,0.2916496945010183,0.575560081466395,0.5792260692464358,0.5788187372708757,0.38289205702647655,0.39837067209775967,0.33890020366598783,0.5625254582484724,0.5580448065173116,0.5727087576374745,0.5824847250509164,0.37678207739307534,0.3075356415478615,0.509979633401222,0.42118126272912426,0.2786150712830957,0.24887983706720973,0.3075356415478615,0.31608961303462324,0.27657841140529527
PeterBelltheThird,0.4517311608961303,0.36945010183299387,0.35397148676171075,0.5173116089613035,0.46028513238289204,0.46598778004073316,0.41547861507128314,0.5030549898167006,0.5148676171079429,0.5075356415478616,0.49450101832993887,0.5067209775967414,0.509979633401222,0.5164969450101833,0.5421588594704685,0.5148676171079429,0.4745417515274949,0.4358452138492872,0.38859470468431767,0.4684317718940937,0.48839103869653766,0.0,0.4293279022403259,0.5193482688391038,0.47902240325865575,0.3837067209775967,0.3714867617107943,0.40244399185336044,0.3967413441955193,0.4,0.45091649694501024,0.540122199592668,0.5116089613034623,0.5454175152749491,0.4130346232179226,0.38900203665987776,0.49979633401222,0.5238289205702648,0.5262729124236252,0.5217922606924643,0.5283095723014257,0.5026476578411405,0.4798370672097759,0.33197556008146645,0.5014256619144604,0.4008146639511202,0.4553971486761711,0.4329938900203666,0.4806517311608961,0.4329938900203666
TerrysTrialsandTriumphs,0.5515274949083503,0.4961303462321792,0.47576374745417516,0.4191446028513238,0.25824847250509164,0.29938900203665986,0.27983706720977597,0.4207739307535642,0.4138492871690428,0.39877800407331976,0.36700610997963345,0.4,0.40529531568228105,0.5531568228105906,0.5551934826883911,0.5718940936863544,0.3132382892057026,0.42443991853360485,0.26395112016293276,0.39551934826883905,0.26435845213849285,0.4293279022403259,0.0,0.4069246435845214,0.31201629327902236,0.43462321792260694,0.4382892057026476,0.4484725050916497,0.43136456211812624,0.5413441955193483,0.29327902240325865,0.5572301425661914,0.5568228105906314,0.584521384928717,0.35397148676171075,0.41140529531568226,0.3881873727087576,0.5641547861507128,0.5576374745417516,0.5665987780040733,0.5665987780040733,0.4171079429735234,0.31934826883910383,0.45987780040733195,0.45010183299389006,0.27006109979633397,0.24928716904276982,0.2985743380855397,0.31894093686354374,0.2623217922606924
TheAdventuresofJoelPepper,0.69979633401222,0.6525458248472504,0.5535641547861507,0.13890020366598776,0.36374745417515275,0.38900203665987776,0.49164969450101836,0.16945010183299392,0.19470468431771892,0.1767820773930754,0.21547861507128308,0.15763747454175148,0.19103869653767824,0.6619144602851323,0.6814663951120163,0.7132382892057026,0.37352342158859475,0.6126272912423625,0.4558044806517312,0.31894093686354374,0.3690427698574338,0.5193482688391038,0.4069246435845214,0.0,0.3462321792260692,0.5494908350305499,0.5421588594704685,0.5633401221995926,0.560081466395112,0.6553971486761712,0.4032586558044806,0.7006109979633401,0.709979633401222,0.7079429735234216,0.34826883910386963,0.4896130346232179,0.2725050916496945,0.6920570264765784,0.6989816700610998,0.7169042769857434,0.7010183299389002,0.2085539714867617,0.3494908350305499,0.5596741344195519,0.5608961303462322,0.38900203665987776,0.37678207739307534,0.49572301425661913,0.35030549898167007,0.4456211812627291
TheCommonLot,0.5694501018329938,0.5458248472505092,0.5095723014256619,0.34093686354378816,0.320162932790224,0.2272912423625254,0.4016293279022404,0.33116089613034627,0.3437881873727088,0.3397148676171079,0.3336048879837067,0.32912423625254583,0.3295315682281059,0.5331975560081467,0.5433808553971486,0.5441955193482688,0.19999999999999996,0.4875763747454175,0.3816700610997963,0.2716904276985743,0.31608961303462324,0.47902240325865575,0.31201629327902236,0.3462321792260692,0.0,0.45947046843177186,0.4578411405295316,0.4741344195519348,0.46639511201629325,0.6057026476578411,0.3397148676171079,0.5405295315682281,0.5511201629327902,0.5584521384928717,0.25173116089613035,0.34745417515274946,0.2374745417515275,0.5731160896130346,0.5604887983706721,0.5653767820773931,0.5788187372708757,0.37718940936863543,0.17393075356415477,0.5010183299389002,0.37596741344195517,0.34419551934826886,0.2973523421588594,0.3906313645621181,0.185336048879837,0.3393075356415478
TheCompletePoeticalWorksofPercyByssheShelley—Complete,0.42118126272912426,0.4171079429735234,0.5405295315682281,0.570264765784114,0.4973523421588595,0.4704684317718941,0.4415478615071283,0.5372708757637474,0.5568228105906314,0.5364562118126273,0.5063136456211812,0.5336048879837068,0.5494908350305499,0.4843177189409369,0.525050916496945,0.49979633401222,0.4386965376782077,0.3877800407331976,0.45621181262729127,0.4965376782077393,0.4391038696537678,0.3837067209775967,0.43462321792260694,0.5494908350305499,0.45947046843177186,0.0,0.060285132382892015,0.11975560081466397,0.12219959266802449,0.4093686354378818,0.464765784114053,0.5205702647657842,0.5173116089613035,0.5287169042769857,0.5287169042769857,0.4260692464358452,0.484725050916497,0.525050916496945,0.5079429735234215,0.5063136456211812,0.5164969450101833,0.520162932790224,0.46558044806517307,0.37311608961303466,0.4195519348268839,0.48187372708757636,0.48228105906313645,0.480244399185336,0.41507128309572305,0.4904276985743381
TheCompletePoeticalWorksofPercyByssheShelley—Volume1,0.4236252545824847,0.4268839103869654,0.5433808553971486,0.5560081466395113,0.490020366598778,0.46558044806517307,0.44358452138492876,0.5295315682281059,0.5474541751527495,0.5274949083503055,0.490020366598778,0.520162932790224,0.5368635437881873,0.49816700610997966,0.5393075356415479,0.5136456211812628,0.45010183299389006,0.39511201629327897,0.4431771894093687,0.4863543788187372,0.44684317718940936,0.3714867617107943,0.4382892057026476,0.5421588594704685,0.4578411405295316,0.060285132382892015,0.0,0.15845213849287165,0.17515274949083504,0.41507128309572305,0.46272912423625256,0.5364562118126273,0.5348268839103869,0.5462321792260693,0.5234215885947047,0.43503054989816703,0.4773930753564155,0.5270875763747453,0.5087576374745417,0.5071283095723014,0.5193482688391038,0.5193482688391038,0.47250509164969445,0.3657841140529532,0.43747454175152745,0.47535641547861507,0.4810590631364562,0.4810590631364562,0.40814663951120167,0.50020366598778
TheCompletePoeticalWorksofPercyByssheShelley—Volume2,0.41751527494908347,0.4126272912423625,0.5030549898167006,0.5885947046843177,0.5319755600814664,0.49572301425661913,0.45336048879837065,0.5515274949083503,0.5723014256619144,0.5494908350305499,0.5213849287169043,0.5511201629327902,0.570264765784114,0.4936863543788187,0.5217922606924643,0.4672097759674134,0.4448065173116089,0.3560081466395112,0.4716904276985744,0.509979633401222,0.4517311608961303,0.40244399185336044,0.4484725050916497,0.5633401221995926,0.4741344195519348,0.11975560081466397,0.15845213849287165,0.0,0.18452138492871695,0.3747454175152749,0.5018329938900203,0.525050916496945,0.49898167006109984,0.5083503054989817,0.5384928716904277,0.38981670061099793,0.5006109979633402,0.5189409368635438,0.49164969450101836,0.49531568228105904,0.5030549898167006,0.5112016293279023,0.46313645621181265,0.35763747454175154,0.3979633401221996,0.4871690427698574,0.48309572301425663,0.46313645621181265,0.439918533604888,0.4928716904276986
TheCompletePoeticalWorksofPercyByssheShelley—Volume3,0.40855397148676176,0.3788187372708758,0.5026476578411405,0.5812627291242363,0.5112016293279023,0.4716904276985744,0.42810590631364565,0.5454175152749491,0.5637474541751528,0.539714867617108,0.5213849287169043,0.5429735234215887,0.5462321792260693,0.4590631364562118,0.49775967413441957,0.47861507128309577,0.4256619144602851,0.38981670061099793,0.47209775967413437,0.5344195519348269,0.44439918533604883,0.3967413441955193,0.43136456211812624,0.560081466395112,0.46639511201629325,0.12219959266802449,0.17515274949083504,0.18452138492871695,0.0,0.3788187372708758,0.465173116089613,0.49450101832993887,0.48513238289205707,0.5038696537678208,0.5352342158859471,0.42443991853360485,0.49775967413441957,0.49979633401222,0.4879837067209776,0.4769857433808554,0.48594704684317724,0.5421588594704685,0.46680244399185333,0.3816700610997963,0.4065173116089613,0.4973523421588595,0.4879837067209776,0.47209775967413437,0.4317718940936863,0.4782077393075357
TheDaemonoftheWorld,0.39633401221995923,0.2814663951120163,0.33197556008146645,0.6439918533604888,0.6472505091649694,0.6028513238289206,0.50020366598778,0.6631364562118126,0.6395112016293278,0.6370672097759674,0.6073319755600814,0.6488798370672098,0.6553971486761712,0.4680244399185336,0.47535641547861507,0.4142566191446029,0.5580448065173116,0.39226069246435846,0.5116089613034623,0.6199592668024441,0.589816700610998,0.4,0.5413441955193483,0.6553971486761712,0.6057026476578411,0.4093686354378818,0.41507128309572305,0.3747454175152749,0.3788187372708758,0.0,0.5918533604887983,0.47657841140529533,0.41507128309572305,0.45010183299389006,0.5523421588594705,0.3873727087576375,0.65010183299389,0.43788187372708753,0.42525458248472503,0.41221995926680244,0.42810590631364565,0.5938900203665988,0.5613034623217923,0.24114052953156828,0.46598778004073316,0.5784114052953158,0.564969450101833,0.47861507128309577,0.5714867617107944,0.5910386965376782
TheFamilyonWheels,0.5551934826883911,0.5124236252545824,0.505498981670061,0.39266802443991855,0.2957230142566192,0.30264765784114056,0.3103869653767821,0.37718940936863543,0.364969450101833,0.35682281059063137,0.3360488798370672,0.3613034623217922,0.3527494908350306,0.5519348268839104,0.5556008146639511,0.5930753564154786,0.35071283095723016,0.4623217922606925,0.2920570264765784,0.3812627291242362,0.2916496945010183,0.45091649694501024,0.29327902240325865,0.4032586558044806,0.3397148676171079,0.464765784114053,0.46272912423625256,0.5018329938900203,0.465173116089613,0.5918533604887983,0.0,0.5568228105906314,0.5633401221995926,0.5955193482688391,0.37637474541751526,0.4419551934826884,0.3462321792260692,0.5661914460285132,0.5763747454175152,0.5841140529531568,0.5877800407331976,0.3780040733197556,0.36008146639511207,0.5095723014256619,0.4610997963340122,0.33116089613034627,0.3262729124236252,0.3327902240325865,0.32871690427698574,0.28961303462321797
TheHistoryofPhilosophyVolumeThreeof3,0.30346232179226074,0.4484725050916497,0.4782077393075357,0.6749490835030549,0.6093686354378819,0.5393075356415479,0.5213849287169043,0.6957230142566191,0.6606924643584522,0.6521384928716905,0.6720977596741344,0.6562118126272912,0.660285132382892,0.13971486761710794,0.11731160896130344,0.21670061099796334,0.5515274949083503,0.44725050916496945,0.5816700610997964,0.630142566191446,0.575560081466395,0.540122199592668,0.5572301425661914,0.7006109979633401,0.5405295315682281,0.5205702647657842,0.5364562118126273,0.525050916496945,0.49450101832993887,0.47657841140529533,0.5568228105906314,0.0,0.19185336048879842,0.17352342158859468,0.5613034623217923,0.5164969450101833,0.6411405295315682,0.22240325865580446,0.2464358452138493,0.23543788187372705,0.24439918533604887,0.6810590631364561,0.5686354378818737,0.504684317718941,0.43136456211812624,0.5971486761710794,0.6122199592668025,0.5409368635437881,0.5437881873727087,0.519755600814664
TheIntroductiontoHegelsPhilosophyofFineArtsTranslatedfromtheGermanwithNotesandPrefatoryEssay,0.25213849287169043,0.3841140529531568,0.4553971486761711,0.7006109979633401,0.6321792260692465,0.5360488798370673,0.5169042769857434,0.7010183299389002,0.6826883910386965,0.6708757637474542,0.6696537678207739,0.6830957230142567,0.6704684317718941,0.22892057026476575,0.20733197556008143,0.19714867617107945,0.5490835030549899,0.42158859470468435,0.569857433808554,0.6207739307535641,0.5792260692464358,0.5116089613034623,0.5568228105906314,0.709979633401222,0.5511201629327902,0.5173116089613035,0.5348268839103869,0.49898167006109984,0.48513238289205707,0.41507128309572305,0.5633401221995926,0.19185336048879842,0.0,0.18370672097759677,0.5551934826883911,0.490020366598778,0.6407331975560082,0.19307535641547857,0.23340122199592672,0.2057026476578412,0.2081466395112016,0.6737270875763748,0.564562118126273,0.46558044806517307,0.3873727087576375,0.5942973523421589,0.5983706720977597,0.5132382892057026,0.5576374745417516,0.5311608961303462
TheLogicofHegel,0.2761710794297353,0.42810590631364565,0.4940936863543788,0.6863543788187373,0.6338085539714868,0.5417515274949083,0.5531568228105906,0.6961303462321793,0.6806517311608962,0.6712830957230143,0.6639511201629328,0.674541751527495,0.6753564154786151,0.2081466395112016,0.19103869653767824,0.13930753564154785,0.5625254582484724,0.43788187372708753,0.6191446028513239,0.6268839103869654,0.5788187372708757,0.5454175152749491,0.584521384928717,0.7079429735234216,0.5584521384928717,0.5287169042769857,0.5462321792260693,0.5083503054989817,0.5038696537678208,0.45010183299389006,0.5955193482688391,0.17352342158859468,0.18370672097759677,0.0,0.5853360488798371,0.5307535641547861,0.6423625254582485,0.22525458248472507,0.255397148676171,0.2342158859470469,0.2403258655804481,0.659877800407332,0.5710794297352342,0.48309572301425663,0.40610997963340123,0.6199592668024441,0.6183299389002037,0.5511201629327902,0.5564154786150712,0.5608961303462322
TheManWhoWins,0.5661914460285132,0.49816700610997966,0.41181262729124235,0.33197556008146645,0.35112016293279025,0.3197556008146639,0.39226069246435846,0.3462321792260692,0.33890020366598783,0.3397148676171079,0.33808553971486766,0.3364562118126273,0.33197556008146645,0.5613034623217923,0.5824847250509164,0.5885947046843177,0.2757637474541752,0.5185336048879837,0.3564154786150713,0.27698574338085535,0.38289205702647655,0.4130346232179226,0.35397148676171075,0.34826883910386963,0.25173116089613035,0.5287169042769857,0.5234215885947047,0.5384928716904277,0.5352342158859471,0.5523421588594705,0.37637474541751526,0.5613034623217923,0.5551934826883911,0.5853360488798371,0.0,0.34134419551934825,0.30305498981670065,0.5942973523421589,0.6,0.5885947046843177,0.6040733197556007,0.3873727087576375,0.23584521384928714,0.4517311608961303,0.4431771894093687,0.3433808553971487,0.3132382892057026,0.38004073319755605,0.29368635437881874,0.39837067209775967
TheMasteroftheInn,0.48309572301425663,0.4109979633401222,0.34175152749490834,0.4993890020366599,0.46965376782077395,0.42769857433808556,0.34786150712830954,0.5079429735234215,0.4896130346232179,0.47006109979633404,0.4688391038696538,0.4965376782077393,0.505091649694501,0.525050916496945,0.530346232179226,0.5075356415478616,0.3327902240325865,0.3971486761710794,0.4004073319755601,0.41751527494908347,0.39837067209775967,0.38900203665987776,0.41140529531568226,0.4896130346232179,0.34745417515274946,0.4260692464358452,0.43503054989816703,0.38981670061099793,0.42443991853360485,0.3873727087576375,0.4419551934826884,0.5164969450101833,0.490020366598778,0.5307535641547861,0.34134419551934825,0.0,0.4142566191446029,0.5221995926680245,0.4810590631364562,0.49857433808553975,0.5156822810590631,0.4419551934826884,0.32830957230142566,0.3678207739307535,0.3625254582484725,0.3784114052953157,0.3686354378818737,0.3274949083503055,0.35030549898167007,0.4012219959266803
TheMemoirsofanAmericanCitizen,0.6321792260692465,0.5918533604887983,0.5315682281059063,0.2761710794297353,0.3364562118126273,0.3173116089613035,0.4623217922606925,0.25091649694501017,0.2790224032586558,0.2729124236252546,0.31608961303462324,0.2663951120162933,0.28105906313645623,0.6130346232179227,0.6289205702647658,0.645621181262729,0.2753564154786151,0.5193482688391038,0.4321792260692464,0.2179226069246436,0.33890020366598783,0.49979633401222,0.3881873727087576,0.2725050916496945,0.2374745417515275,0.484725050916497,0.4773930753564155,0.5006109979633402,0.49775967413441957,0.65010183299389,0.3462321792260692,0.6411405295315682,0.6407331975560082,0.6423625254582485,0.30305498981670065,0.4142566191446029,0.0,0.6464358452138492,0.6521384928716905,0.6443991853360489,0.6541751527494908,0.3230142566191446,0.2757637474541752,0.575560081466395,0.4423625254582485,0.3755600814663951,0.33808553971486766,0.4606924643584521,0.2496945010183299,0.3971486761710794
ThePhilosophyofFineArtvolume1of4HegelsAesthetik,0.25743380855397147,0.37352342158859475,0.4484725050916497,0.6908350305498981,0.615071283095723,0.55030549898167,0.5230142566191446,0.7116089613034623,0.6859470468431772,0.6769857433808554,0.6953156822810591,0.6639511201629328,0.6883910386965377,0.22851323828920567,0.2207739307535641,0.23625254582484723,0.5828920570264766,0.4317718940936863,0.5694501018329938,0.645621181262729,0.5625254582484724,0.5238289205702648,0.5641547861507128,0.6920570264765784,0.5731160896130346,0.525050916496945,0.5270875763747453,0.5189409368635438,0.49979633401222,0.43788187372708753,0.5661914460285132,0.22240325865580446,0.19307535641547857,0.22525458248472507,0.5942973523421589,0.5221995926680245,0.6464358452138492,0.0,0.11812627291242361,0.12138492871690432,0.11608961303462317,0.6729124236252546,0.5861507128309572,0.47006109979633404,0.3816700610997963,0.6073319755600814,0.6061099796334013,0.5295315682281059,0.5739307535641548,0.5209775967413441
ThePhilosophyofFineArtvolume2of4HegelsAesthetik,0.2826883910386966,0.37963340122199596,0.43706720977596736,0.70020366598778,0.615071283095723,0.5486761710794297,0.5006109979633402,0.7262729124236252,0.6908350305498981,0.6924643584521385,0.6871690427698574,0.6729124236252546,0.6928716904276986,0.25498981670061105,0.2370672097759674,0.25010183299389,0.5637474541751528,0.41547861507128314,0.5588594704684318,0.6496945010183299,0.5580448065173116,0.5262729124236252,0.5576374745417516,0.6989816700610998,0.5604887983706721,0.5079429735234215,0.5087576374745417,0.49164969450101836,0.4879837067209776,0.42525458248472503,0.5763747454175152,0.2464358452138493,0.23340122199592672,0.255397148676171,0.6,0.4810590631364562,0.6521384928716905,0.11812627291242361,0.0,0.1022403258655804,0.12342158859470465,0.6676171079429736,0.5727087576374745,0.45661914460285136,0.3625254582484725,0.5885947046843177,0.590224032586558,0.5063136456211812,0.5788187372708757,0.5270875763747453
