,AHouseofGentlefolk,ATaleofTwoCities,AdamBede,BarnabyRudgeATaleoftheRiotsofEighty,CatherineAStory,Cranford,CrimeandPunishment,DanielDeronda,DombeyandSon,Emma,FathersandChildren,FelixHolttheRadical,HardTimes,LittleDorrit,MansfieldPark,MartinChuzzlewit,MaryBarton,Middlemarch,NicholasNickleby,NorthandSouth,NorthangerAbbey,OliverTwist,OntheEveANovel,OurMutualFriend,Persuasion,PrideandPrejudice,Romola,RudinANovel,Ruth,SenseandSensibility,SilasMarner,Smoke,SylviasLovers—Complete,TheBrothersKaramazov,TheHistoryofHenryEsmondEsqaColonelintheServiceofHerMajestyQueenAnne,TheHistoryofPendennis,TheIdiot,TheMillontheFloss,TheMysteryofEdwinDrood,TheNewcomesMemoirsofaMostRespectableFamily,ThePickwickPapers,ThePossessedTheDevils,TheVirginians,VanityFair,VirginSoil
AHouseofGentlefolk,0.0,0.4732350659425911,0.4934057408844065,0.5096974398758728,0.5446082234290147,0.5205585725368502,0.3219550038789759,0.5329712955779674,0.48176881303335917,0.49650892164468585,0.22110162916989917,0.5484871993793639,0.47556245151280063,0.5407292474786656,0.5135764158262219,0.5399534522885958,0.47245927075252137,0.5539177657098526,0.5298681148176881,0.5143522110162917,0.5593483320403414,0.46780449961210235,0.21877424359968967,0.4879751745539178,0.5112490302560124,0.5500387897595035,0.48719937936384794,0.28083785880527545,0.47090768037238173,0.5298681148176881,0.48176881303335917,0.27385570209464705,0.44453064391000774,0.3483320403413499,0.530643910007758,0.5283165244375485,0.42979053529868116,0.5011636927851048,0.5290923196276183,0.5422808378588053,0.45151280062063615,0.3529868114817688,0.569433669511249,0.5135764158262219,0.3793638479441428
ATaleofTwoCities,0.4732350659425911,0.0,0.4615981380915438,0.2730799069045772,0.4072924747866563,0.5128006206361521,0.5151280062063615,0.4949573312645461,0.30411171450737007,0.5570209464701319,0.5267649340574088,0.4453064391000776,0.35453840186190844,0.30954228083785884,0.5702094647013188,0.34212567882079126,0.4615981380915438,0.4856477889837083,0.365399534522886,0.4949573312645461,0.5655546935608999,0.3010085337470908,0.5027152831652444,0.3289371605896043,0.5531419705197828,0.5981380915438324,0.40418929402637704,0.5283165244375485,0.46780449961210235,0.5539177657098526,0.4530643910007758,0.4763382467028704,0.40341349883630717,0.4879751745539178,0.39875872769588827,0.39953452288595814,0.5019394879751746,0.4786656322730799,0.31342125678820787,0.43677269200930957,0.3343677269200931,0.5446082234290147,0.45151280062063615,0.4142746314972847,0.4879751745539178
AdamBede,0.4934057408844065,0.4615981380915438,0.0,0.4569433669511249,0.5190069821567107,0.4530643910007758,0.47944142746314977,0.3250581846392553,0.42746314972847166,0.49418153607447635,0.4732350659425911,0.33048875096974395,0.43289371605896043,0.4197051978277735,0.4840961986035687,0.4530643910007758,0.39720713731574864,0.343677269200931,0.4732350659425911,0.42746314972847166,0.48487199379363843,0.4189294026377036,0.4460822342901474,0.41815360744763386,0.4577191621411947,0.5461598138091543,0.3103180760279286,0.5050426687354539,0.447633824670287,0.5244375484871994,0.25911559348332036,0.4639255236617533,0.43522110162916994,0.4763382467028704,0.4996121024049651,0.5166795965865012,0.5081458494957332,0.22420480993017844,0.4359968968192397,0.5081458494957332,0.5003878975950349,0.4903025601241272,0.4910783553141971,0.5213343677269201,0.4833204034134988
BarnabyRudgeATaleoftheRiotsofEighty,0.5096974398758728,0.2730799069045772,0.4569433669511249,0.0,0.4189294026377036,0.495733126454616,0.5616757176105508,0.504266873545384,0.30178432893716056,0.5570209464701319,0.5647788983708302,0.43289371605896043,0.35453840186190844,0.35221101629169904,0.5577967416602017,0.2723041117145074,0.4103956555469356,0.47090768037238173,0.2699767261442979,0.4732350659425911,0.5058184639255237,0.24980605120248256,0.5360744763382468,0.3933281613653995,0.5050426687354539,0.534522885958107,0.43754848719937933,0.5329712955779674,0.44685802948021724,0.5213343677269201,0.4406516679596586,0.5081458494957332,0.38789759503491084,0.5368502715283165,0.4460822342901474,0.4313421256788208,0.5205585725368502,0.4639255236617533,0.3816912335143522,0.4732350659425911,0.3273855702094647,0.5771916214119472,0.4553917765709853,0.4662529092319627,0.4879751745539178
CatherineAStory,0.5446082234290147,0.4072924747866563,0.5190069821567107,0.4189294026377036,0.0,0.4507370054305664,0.5298681148176881,0.5531419705197828,0.4189294026377036,0.5407292474786656,0.5492629945694336,0.495733126454616,0.4926299456943367,0.4484096198603569,0.5570209464701319,0.4453064391000776,0.4833204034134988,0.5135764158262219,0.4336695112490303,0.52211016291699,0.5500387897595035,0.41117145073700545,0.5717610550814585,0.4569433669511249,0.5430566330488751,0.5337470907680373,0.4732350659425911,0.5228859581070597,0.47711404189294027,0.5484871993793639,0.49418153607447635,0.5415050426687354,0.4856477889837083,0.5190069821567107,0.3359193173002327,0.2885958107059736,0.4809930178432894,0.5190069821567107,0.4732350659425911,0.295577967416602,0.41117145073700545,0.5166795965865012,0.35221101629169904,0.3079906904577192,0.5321955003878975
Cranford,0.5205585725368502,0.5128006206361521,0.4530643910007758,0.495733126454616,0.4507370054305664,0.0,0.4996121024049651,0.47788983708301014,0.4484096198603569,0.4460822342901474,0.47556245151280063,0.49185415050426684,0.4406516679596586,0.4623739332816137,0.44918541505042664,0.4647013188518231,0.3607447633824671,0.4887509697439876,0.4499612102404965,0.30178432893716056,0.4647013188518231,0.4693560899922421,0.5003878975950349,0.4732350659425911,0.44685802948021724,0.48642358417377807,0.5135764158262219,0.4996121024049651,0.33048875096974395,0.4685802948021722,0.5128006206361521,0.5104732350659427,0.3646237393328161,0.5058184639255237,0.4833204034134988,0.47788983708301014,0.4662529092319627,0.4484096198603569,0.4934057408844065,0.43444530643910007,0.4716834755624515,0.5019394879751746,0.4639255236617533,0.4546159813809154,0.4662529092319627
CrimeandPunishment,0.3219550038789759,0.5151280062063615,0.47944142746314977,0.5616757176105508,0.5298681148176881,0.4996121024049651,0.0,0.4934057408844065,0.5329712955779674,0.5159038013964313,0.287044220325834,0.5027152831652444,0.4685802948021722,0.5011636927851048,0.5360744763382468,0.4926299456943367,0.5252133436772692,0.5112490302560124,0.5352986811481768,0.46547711404189296,0.5546935608999224,0.539177657098526,0.31885182311869664,0.4530643910007758,0.5663304887509697,0.530643910007758,0.5003878975950349,0.30721489526764933,0.49418153607447635,0.5314197051978278,0.4996121024049651,0.3219550038789759,0.5352986811481768,0.19550038789759505,0.5678820791311094,0.5267649340574088,0.32816136539953455,0.43754848719937933,0.5073700543056633,0.5197827773467805,0.4996121024049651,0.19394879751745542,0.5252133436772692,0.5252133436772692,0.36152055857253684
DanielDeronda,0.5329712955779674,0.4949573312645461,0.3250581846392553,0.504266873545384,0.5531419705197828,0.47788983708301014,0.4934057408844065,0.0,0.48254460822342904,0.43444530643910007,0.4716834755624515,0.2529092319627618,0.42823894491854153,0.40651667959658655,0.4150504266873546,0.4879751745539178,0.4693560899922421,0.22653219550038795,0.46314972847168345,0.4166020170674942,0.4142746314972847,0.5151280062063615,0.44918541505042664,0.4553917765709853,0.4359968968192397,0.43987587276958884,0.32117920868890615,0.47245927075252137,0.4685802948021722,0.4220325833979829,0.33514352211016296,0.46547711404189296,0.5577967416602017,0.4887509697439876,0.5104732350659427,0.5492629945694336,0.47788983708301014,0.2684251357641583,0.4530643910007758,0.5120248254460822,0.5469356089992242,0.48176881303335917,0.4910783553141971,0.5446082234290147,0.4809930178432894
DombeyandSon,0.48176881303335917,0.30411171450737007,0.42746314972847166,0.30178432893716056,0.4189294026377036,0.4484096198603569,0.5329712955779674,0.48254460822342904,0.0,0.5422808378588053,0.5484871993793639,0.40651667959658655,0.2862684251357641,0.2637703646237394,0.5360744763382468,0.2583397982932506,0.4429790535298681,0.45151280062063615,0.32816136539953455,0.48487199379363843,0.4840961986035687,0.31885182311869664,0.517455391776571,0.32117920868890615,0.5314197051978278,0.5492629945694336,0.42746314972847166,0.5384018619084562,0.42358417377812263,0.5244375484871994,0.42746314972847166,0.5539177657098526,0.41815360744763386,0.5608999224204809,0.4809930178432894,0.4220325833979829,0.4507370054305664,0.443754848719938,0.3250581846392553,0.4639255236617533,0.34910783553141966,0.5624515128006207,0.4879751745539178,0.4049650892164468,0.4833204034134988
Emma,0.49650892164468585,0.5570209464701319,0.49418153607447635,0.5570209464701319,0.5407292474786656,0.4460822342901474,0.5159038013964313,0.43444530643910007,0.5422808378588053,0.0,0.5065942591155934,0.49418153607447635,0.48719937936384794,0.4732350659425911,0.19860356865787432,0.525989138867339,0.47013188518231186,0.4453064391000776,0.49418153607447635,0.41349883630721485,0.2723041117145074,0.6074476338246703,0.4615981380915438,0.4980605120248255,0.23661753297129562,0.22808378588052758,0.5539177657098526,0.44685802948021724,0.4189294026377036,0.2226532195500388,0.5166795965865012,0.4934057408844065,0.5213343677269201,0.49185415050426684,0.5065942591155934,0.5539177657098526,0.43987587276958884,0.4840961986035687,0.5034910783553141,0.5128006206361521,0.5888285492629945,0.47556245151280063,0.5011636927851048,0.5640031031807603,0.6074476338246703
FathersandChildren,0.22110162916989917,0.5267649340574088,0.4732350659425911,0.5647788983708302,0.5492629945694336,0.47556245151280063,0.287044220325834,0.4716834755624515,0.5484871993793639,0.5065942591155934,0.0,0.5081458494957332,0.5081458494957332,0.5484871993793639,0.5151280062063615,0.5577967416602017,0.5213343677269201,0.5252133436772692,0.5399534522885958,0.5244375484871994,0.5275407292474787,0.5384018619084562,0.2273079906904577,0.5143522110162917,0.52211016291699,0.5515903801396431,0.5182311869666408,0.2296353762606672,0.5081458494957332,0.5275407292474787,0.5081458494957332,0.23273855702094648,0.5112490302560124,0.31419705197827774,0.5562451512800621,0.5546935608999224,0.41349883630721485,0.47245927075252137,0.530643910007758,0.5469356089992242,0.5205585725368502,0.30954228083785884,0.5663304887509697,0.5461598138091543,0.33514352211016296
FelixHolttheRadical,0.5484871993793639,0.4453064391000776,0.33048875096974395,0.43289371605896043,0.495733126454616,0.49185415050426684,0.5027152831652444,0.2529092319627618,0.40651667959658655,0.49418153607447635,0.5081458494957332,0.0,0.40884406516679594,0.3677269200930954,0.4592707525213343,0.42823894491854153,0.4546159813809154,0.24204809930178428,0.4057408844065167,0.44220325833979834,0.4220325833979829,0.43987587276958884,0.5399534522885958,0.43677269200930957,0.43289371605896043,0.5003878975950349,0.28549262994569435,0.5027152831652444,0.43677269200930957,0.47556245151280063,0.3110938712179985,0.5143522110162917,0.4980605120248255,0.5143522110162917,0.495733126454616,0.48642358417377807,0.48719937936384794,0.2862684251357641,0.43211792086889056,0.4763382467028704,0.4809930178432894,0.5003878975950349,0.4693560899922421,0.4879751745539178,0.5019394879751746
HardTimes,0.47556245151280063,0.35453840186190844,0.43289371605896043,0.35453840186190844,0.4926299456943367,0.4406516679596586,0.4685802948021722,0.42823894491854153,0.2862684251357641,0.48719937936384794,0.5081458494957332,0.40884406516679594,0.0,0.22653219550038795,0.4887509697439876,0.295577967416602,0.4639255236617533,0.42823894491854153,0.34988363072148954,0.43289371605896043,0.47556245151280063,0.39177657098525986,0.49418153607447635,0.26609775019394877,0.5128006206361521,0.5089216446858029,0.48487199379363843,0.4732350659425911,0.42358417377812263,0.47478665632273076,0.4763382467028704,0.5104732350659427,0.44453064391000774,0.47944142746314977,0.5197827773467805,0.49883630721489525,0.42280837858805276,0.447633824670287,0.2862684251357641,0.5073700543056633,0.41349883630721485,0.4856477889837083,0.517455391776571,0.4980605120248255,0.46547711404189296
LittleDorrit,0.5407292474786656,0.30954228083785884,0.4197051978277735,0.35221101629169904,0.4484096198603569,0.4623739332816137,0.5011636927851048,0.40651667959658655,0.2637703646237394,0.4732350659425911,0.5484871993793639,0.3677269200930954,0.22653219550038795,0.0,0.4647013188518231,0.24747866563227305,0.4763382467028704,0.3723816912335144,0.30411171450737007,0.4662529092319627,0.46082234290147406,0.3785880527540729,0.5407292474786656,0.24825446082234293,0.5011636927851048,0.4903025601241272,0.4716834755624515,0.534522885958107,0.452288595810706,0.4716834755624515,0.4406516679596586,0.5360744763382468,0.4840961986035687,0.5182311869666408,0.4716834755624515,0.44142746314972847,0.44453064391000774,0.40884406516679594,0.25911559348332036,0.4662529092319627,0.39487975174553913,0.5166795965865012,0.4406516679596586,0.45616757176105505,0.48487199379363843
MansfieldPark,0.5135764158262219,0.5702094647013188,0.4840961986035687,0.5577967416602017,0.5570209464701319,0.44918541505042664,0.5360744763382468,0.4150504266873546,0.5360744763382468,0.19860356865787432,0.5151280062063615,0.4592707525213343,0.4887509697439876,0.4647013188518231,0.0,0.504266873545384,0.5081458494957332,0.39487975174553913,0.48642358417377807,0.43289371605896043,0.20946470131885186,0.6113266097750194,0.49883630721489525,0.5267649340574088,0.18929402637703652,0.2505818463925523,0.525989138867339,0.4949573312645461,0.44142746314972847,0.22420480993017844,0.47245927075252137,0.5213343677269201,0.5360744763382468,0.5058184639255237,0.5368502715283165,0.5484871993793639,0.4763382467028704,0.447633824670287,0.5290923196276183,0.539177657098526,0.5655546935608999,0.4926299456943367,0.5143522110162917,0.5422808378588053,0.6012412723041117
MartinChuzzlewit,0.5399534522885958,0.34212567882079126,0.4530643910007758,0.2723041117145074,0.4453064391000776,0.4647013188518231,0.4926299456943367,0.4879751745539178,0.2583397982932506,0.525989138867339,0.5577967416602017,0.42823894491854153,0.295577967416602,0.24747866563227305,0.504266873545384,0.0,0.46314972847168345,0.4243599689681924,0.27152831652443754,0.46547711404189296,0.46547711404189296,0.3289371605896043,0.5453840186190846,0.30876648564778897,0.5050426687354539,0.5112490302560124,0.4949573312645461,0.5477114041892941,0.4460822342901474,0.4980605120248255,0.452288595810706,0.5577967416602017,0.4460822342901474,0.4996121024049651,0.504266873545384,0.43211792086889056,0.4336695112490303,0.43677269200930957,0.3010085337470908,0.48719937936384794,0.3366951124903026,0.5197827773467805,0.47013188518231186,0.47478665632273076,0.47788983708301014
MaryBarton,0.47245927075252137,0.4615981380915438,0.39720713731574864,0.4103956555469356,0.4833204034134988,0.3607447633824671,0.5252133436772692,0.4693560899922421,0.4429790535298681,0.47013188518231186,0.5213343677269201,0.4546159813809154,0.4639255236617533,0.4763382467028704,0.5081458494957332,0.46314972847168345,0.0,0.47788983708301014,0.44685802948021724,0.2816136539953452,0.5011636927851048,0.41117145073700545,0.46314972847168345,0.48021722265321953,0.4577191621411947,0.5011636927851048,0.4592707525213343,0.5143522110162917,0.2536850271528317,0.47556245151280063,0.4592707525213343,0.4972847168347556,0.23972071373157489,0.5003878975950349,0.45616757176105505,0.5159038013964313,0.5050426687354539,0.4189294026377036,0.48952676493405745,0.4685802948021722,0.48952676493405745,0.5337470907680373,0.4972847168347556,0.495733126454616,0.5151280062063615
Middlemarch,0.5539177657098526,0.4856477889837083,0.343677269200931,0.47090768037238173,0.5135764158262219,0.4887509697439876,0.5112490302560124,0.22653219550038795,0.45151280062063615,0.4453064391000776,0.5252133436772692,0.24204809930178428,0.42823894491854153,0.3723816912335144,0.39487975174553913,0.4243599689681924,0.47788983708301014,0.0,0.4096198603568658,0.4592707525213343,0.4166020170674942,0.47788983708301014,0.5065942591155934,0.4127230411171451,0.4150504266873546,0.46082234290147406,0.34522885958107064,0.4856477889837083,0.4615981380915438,0.43211792086889056,0.3219550038789759,0.48487199379363843,0.5446082234290147,0.5058184639255237,0.5228859581070597,0.49650892164468585,0.46082234290147406,0.2730799069045772,0.42358417377812263,0.5058184639255237,0.4934057408844065,0.5011636927851048,0.47478665632273076,0.49650892164468585,0.4980605120248255
NicholasNickleby,0.5298681148176881,0.365399534522886,0.4732350659425911,0.2699767261442979,0.4336695112490303,0.4499612102404965,0.5352986811481768,0.46314972847168345,0.32816136539953455,0.49418153607447635,0.5399534522885958,0.4057408844065167,0.34988363072148954,0.30411171450737007,0.48642358417377807,0.27152831652443754,0.44685802948021724,0.4096198603568658,0.0,0.43211792086889056,0.44453064391000774,0.2940263770364624,0.5477114041892941,0.3413498836307215,0.4647013188518231,0.4670287044220326,0.5011636927851048,0.5283165244375485,0.42358417377812263,0.4623739332816137,0.4530643910007758,0.534522885958107,0.4553917765709853,0.5151280062063615,0.48021722265321953,0.417377812257564,0.4484096198603569,0.4290147401086113,0.34755624515128003,0.44685802948021724,0.2847168347556245,0.5213343677269201,0.43754848719937933,0.4266873545384019,0.474010861132661
NorthandSouth,0.5143522110162917,0.4949573312645461,0.42746314972847166,0.4732350659425911,0.52211016291699,0.30178432893716056,0.46547711404189296,0.4166020170674942,0.48487199379363843,0.41349883630721485,0.5244375484871994,0.44220325833979834,0.43289371605896043,0.4662529092319627,0.43289371605896043,0.46547711404189296,0.2816136539953452,0.4592707525213343,0.43211792086889056,0.0,0.4103956555469356,0.47013188518231186,0.4840961986035687,0.4569433669511249,0.4336695112490303,0.4453064391000776,0.4856477889837083,0.47944142746314977,0.24747866563227305,0.4026377036462374,0.4926299456943367,0.48719937936384794,0.317300232738557,0.4615981380915438,0.4949573312645461,0.5228859581070597,0.44142746314972847,0.40418929402637704,0.4615981380915438,0.46547711404189296,0.5321955003878975,0.4786656322730799,0.4670287044220326,0.49650892164468585,0.46547711404189296
NorthangerAbbey,0.5593483320403414,0.5655546935608999,0.48487199379363843,0.5058184639255237,0.5500387897595035,0.4647013188518231,0.5546935608999224,0.4142746314972847,0.4840961986035687,0.2723041117145074,0.5275407292474787,0.4220325833979829,0.47556245151280063,0.46082234290147406,0.20946470131885186,0.46547711404189296,0.5011636927851048,0.4166020170674942,0.44453064391000774,0.4103956555469356,0.0,0.5702094647013188,0.5352986811481768,0.5283165244375485,0.23584173778122575,0.2529092319627618,0.5190069821567107,0.5314197051978278,0.43677269200930957,0.2319627618308766,0.4763382467028704,0.539177657098526,0.5368502715283165,0.534522885958107,0.5678820791311094,0.5523661753297129,0.4406516679596586,0.4499612102404965,0.4972847168347556,0.5461598138091543,0.530643910007758,0.4949573312645461,0.5205585725368502,0.5523661753297129,0.5678820791311094
OliverTwist,0.46780449961210235,0.3010085337470908,0.4189294026377036,0.24980605120248256,0.41117145073700545,0.4693560899922421,0.539177657098526,0.5151280062063615,0.31885182311869664,0.6074476338246703,0.5384018619084562,0.43987587276958884,0.39177657098525986,0.3785880527540729,0.6113266097750194,0.3289371605896043,0.41117145073700545,0.47788983708301014,0.2940263770364624,0.47013188518231186,0.5702094647013188,0.0,0.5368502715283165,0.3770364623739333,0.5787432117920869,0.5942591155934833,0.41582622187742435,0.5678820791311094,0.4383242823894492,0.586501163692785,0.4290147401086113,0.525989138867339,0.3770364623739333,0.5484871993793639,0.43910007757951897,0.395655546935609,0.5228859581070597,0.44142746314972847,0.39255236617532974,0.45849495733126455,0.23118696664080685,0.5585725368502715,0.474010861132661,0.4166020170674942,0.4786656322730799
OntheEveANovel,0.21877424359968967,0.5027152831652444,0.4460822342901474,0.5360744763382468,0.5717610550814585,0.5003878975950349,0.31885182311869664,0.44918541505042664,0.517455391776571,0.4615981380915438,0.2273079906904577,0.5399534522885958,0.49418153607447635,0.5407292474786656,0.49883630721489525,0.5453840186190846,0.46314972847168345,0.5065942591155934,0.5477114041892941,0.4840961986035687,0.5352986811481768,0.5368502715283165,0.0,0.47711404189294027,0.5058184639255237,0.5298681148176881,0.47944142746314977,0.2769588828549263,0.4577191621411947,0.5081458494957332,0.49883630721489525,0.24592707525213342,0.4639255236617533,0.33281613653995346,0.52211016291699,0.5415050426687354,0.43754848719937933,0.43522110162916994,0.504266873545384,0.5073700543056633,0.5096974398758728,0.3250581846392553,0.517455391776571,0.5205585725368502,0.34910783553141966
OurMutualFriend,0.4879751745539178,0.3289371605896043,0.41815360744763386,0.3933281613653995,0.4569433669511249,0.4732350659425911,0.4530643910007758,0.4553917765709853,0.32117920868890615,0.4980605120248255,0.5143522110162917,0.43677269200930957,0.26609775019394877,0.24825446082234293,0.5267649340574088,0.30876648564778897,0.48021722265321953,0.4127230411171451,0.3413498836307215,0.4569433669511249,0.5283165244375485,0.3770364623739333,0.47711404189294027,0.0,0.5484871993793639,0.5034910783553141,0.4600465477114042,0.49418153607447635,0.4840961986035687,0.5112490302560124,0.4499612102404965,0.4879751745539178,0.4693560899922421,0.47245927075252137,0.4809930178432894,0.4623739332816137,0.4150504266873546,0.4026377036462374,0.23972071373157489,0.48952676493405745,0.40418929402637704,0.48642358417377807,0.4406516679596586,0.48719937936384794,0.4639255236617533
Persuasion,0.5112490302560124,0.5531419705197828,0.4577191621411947,0.5050426687354539,0.5430566330488751,0.44685802948021724,0.5663304887509697,0.4359968968192397,0.5314197051978278,0.23661753297129562,0.52211016291699,0.43289371605896043,0.5128006206361521,0.5011636927851048,0.18929402637703652,0.5050426687354539,0.4577191621411947,0.4150504266873546,0.4647013188518231,0.4336695112490303,0.23584173778122575,0.5787432117920869,0.5058184639255237,0.5484871993793639,0.0,0.30178432893716056,0.5089216446858029,0.5151280062063615,0.43910007757951897,0.27385570209464705,0.44220325833979834,0.5104732350659427,0.5003878975950349,0.5430566330488751,0.5244375484871994,0.5469356089992242,0.48642358417377807,0.4453064391000776,0.5244375484871994,0.5337470907680373,0.5407292474786656,0.5205585725368502,0.5275407292474787,0.5290923196276183,0.5849495733126455
PrideandPrejudice,0.5500387897595035,0.5981380915438324,0.5461598138091543,0.534522885958107,0.5337470907680373,0.48642358417377807,0.530643910007758,0.43987587276958884,0.5492629945694336,0.22808378588052758,0.5515903801396431,0.5003878975950349,0.5089216446858029,0.4903025601241272,0.2505818463925523,0.5112490302560124,0.5011636927851048,0.46082234290147406,0.4670287044220326,0.4453064391000776,0.2529092319627618,0.5942591155934833,0.5298681148176881,0.5034910783553141,0.30178432893716056,0.0,0.5298681148176881,0.5128006206361521,0.452288595810706,0.18386346004654774,0.504266873545384,0.5453840186190846,0.5321955003878975,0.5182311869666408,0.5159038013964313,0.5593483320403414,0.47245927075252137,0.5065942591155934,0.4903025601241272,0.5120248254460822,0.5818463925523663,0.495733126454616,0.47556245151280063,0.5601241272304112,0.5880527540729248
Romola,0.48719937936384794,0.40418929402637704,0.3103180760279286,0.43754848719937933,0.4732350659425911,0.5135764158262219,0.5003878975950349,0.32117920868890615,0.42746314972847166,0.5539177657098526,0.5182311869666408,0.28549262994569435,0.48487199379363843,0.4716834755624515,0.525989138867339,0.4949573312645461,0.4592707525213343,0.34522885958107064,0.5011636927851048,0.4856477889837083,0.5190069821567107,0.41582622187742435,0.47944142746314977,0.4600465477114042,0.5089216446858029,0.5298681148176881,0.0,0.5003878975950349,0.4670287044220326,0.504266873545384,0.3242823894491854,0.443754848719938,0.4453064391000776,0.4934057408844065,0.46082234290147406,0.47478665632273076,0.5446082234290147,0.35143522110162917,0.4499612102404965,0.4639255236617533,0.4732350659425911,0.5128006206361521,0.47090768037238173,0.4693560899922421,0.504266873545384
RudinANovel,0.28083785880527545,0.5283165244375485,0.5050426687354539,0.5329712955779674,0.5228859581070597,0.4996121024049651,0.30721489526764933,0.47245927075252137,0.5384018619084562,0.44685802948021724,0.2296353762606672,0.5027152831652444,0.4732350659425911,0.534522885958107,0.4949573312645461,0.5477114041892941,0.5143522110162917,0.4856477889837083,0.5283165244375485,0.47944142746314977,0.5314197051978278,0.5678820791311094,0.2769588828549263,0.49418153607447635,0.5151280062063615,0.5128006206361521,0.5003878975950349,0.0,0.48642358417377807,0.4996121024049651,0.5244375484871994,0.27385570209464705,0.5290923196276183,0.3149728471683475,0.5368502715283165,0.5469356089992242,0.3700543056633049,0.4833204034134988,0.49418153607447635,0.5011636927851048,0.5376260667183863,0.29247478665632276,0.5120248254460822,0.5469356089992242,0.35686578743211794
Ruth,0.47090768037238173,0.46780449961210235,0.447633824670287,0.44685802948021724,0.47711404189294027,0.33048875096974395,0.49418153607447635,0.4685802948021722,0.42358417377812263,0.4189294026377036,0.5081458494957332,0.43677269200930957,0.42358417377812263,0.452288595810706,0.44142746314972847,0.4460822342901474,0.2536850271528317,0.4615981380915438,0.42358417377812263,0.24747866563227305,0.43677269200930957,0.4383242823894492,0.4577191621411947,0.4840961986035687,0.43910007757951897,0.452288595810706,0.4670287044220326,0.48642358417377807,0.0,0.40651667959658655,0.4980605120248255,0.5034910783553141,0.28083785880527545,0.48952676493405745,0.4569433669511249,0.4670287044220326,0.4763382467028704,0.4429790535298681,0.48254460822342904,0.43677269200930957,0.47478665632273076,0.48642358417377807,0.4662529092319627,0.4383242823894492,0.49883630721489525
SenseandSensibility,0.5298681148176881,0.5539177657098526,0.5244375484871994,0.5213343677269201,0.5484871993793639,0.4685802948021722,0.5314197051978278,0.4220325833979829,0.5244375484871994,0.2226532195500388,0.5275407292474787,0.47556245151280063,0.47478665632273076,0.4716834755624515,0.22420480993017844,0.4980605120248255,0.47556245151280063,0.43211792086889056,0.4623739332816137,0.4026377036462374,0.2319627618308766,0.586501163692785,0.5081458494957332,0.5112490302560124,0.27385570209464705,0.18386346004654774,0.504266873545384,0.4996121024049651,0.40651667959658655,0.0,0.49883630721489525,0.52211016291699,0.4926299456943367,0.5019394879751746,0.49185415050426684,0.5477114041892941,0.4615981380915438,0.49185415050426684,0.5058184639255237,0.5135764158262219,0.5616757176105508,0.4949573312645461,0.4903025601241272,0.5469356089992242,0.5880527540729248
SilasMarner,0.48176881303335917,0.4530643910007758,0.25911559348332036,0.4406516679596586,0.49418153607447635,0.5128006206361521,0.4996121024049651,0.33514352211016296,0.42746314972847166,0.5166795965865012,0.5081458494957332,0.3110938712179985,0.4763382467028704,0.4406516679596586,0.47245927075252137,0.452288595810706,0.4592707525213343,0.3219550038789759,0.4530643910007758,0.4926299456943367,0.4763382467028704,0.4290147401086113,0.49883630721489525,0.4499612102404965,0.44220325833979834,0.504266873545384,0.3242823894491854,0.5244375484871994,0.4980605120248255,0.49883630721489525,0.0,0.4662529092319627,0.48642358417377807,0.5073700543056633,0.4732350659425911,0.4786656322730799,0.5228859581070597,0.26454615981380913,0.4615981380915438,0.4840961986035687,0.4879751745539178,0.5321955003878975,0.4693560899922421,0.48952676493405745,0.5096974398758728
Smoke,0.27385570209464705,0.4763382467028704,0.4639255236617533,0.5081458494957332,0.5415050426687354,0.5104732350659427,0.3219550038789759,0.46547711404189296,0.5539177657098526,0.4934057408844065,0.23273855702094648,0.5143522110162917,0.5104732350659427,0.5360744763382468,0.5213343677269201,0.5577967416602017,0.4972847168347556,0.48487199379363843,0.534522885958107,0.48719937936384794,0.539177657098526,0.525989138867339,0.24592707525213342,0.4879751745539178,0.5104732350659427,0.5453840186190846,0.443754848719938,0.27385570209464705,0.5034910783553141,0.52211016291699,0.4662529092319627,0.0,0.4934057408844065,0.2777346780449961,0.5205585725368502,0.5632273079906904,0.4189294026377036,0.43910007757951897,0.5034910783553141,0.530643910007758,0.5143522110162917,0.29712955779674166,0.5112490302560124,0.539177657098526,0.3584173778122576
SylviasLovers—Complete,0.44453064391000774,0.40341349883630717,0.43522110162916994,0.38789759503491084,0.4856477889837083,0.3646237393328161,0.5352986811481768,0.5577967416602017,0.41815360744763386,0.5213343677269201,0.5112490302560124,0.4980605120248255,0.44453064391000774,0.4840961986035687,0.5360744763382468,0.4460822342901474,0.23972071373157489,0.5446082234290147,0.4553917765709853,0.317300232738557,0.5368502715283165,0.3770364623739333,0.4639255236617533,0.4693560899922421,0.5003878975950349,0.5321955003878975,0.4453064391000776,0.5290923196276183,0.28083785880527545,0.4926299456943367,0.48642358417377807,0.4934057408844065,0.0,0.5422808378588053,0.4499612102404965,0.4887509697439876,0.5352986811481768,0.46547711404189296,0.4647013188518231,0.48642358417377807,0.44220325833979834,0.5903801396431343,0.5073700543056633,0.4623739332816137,0.5011636927851048
TheBrothersKaramazov,0.3483320403413499,0.4879751745539178,0.4763382467028704,0.5368502715283165,0.5190069821567107,0.5058184639255237,0.19550038789759505,0.4887509697439876,0.5608999224204809,0.49185415050426684,0.31419705197827774,0.5143522110162917,0.47944142746314977,0.5182311869666408,0.5058184639255237,0.4996121024049651,0.5003878975950349,0.5058184639255237,0.5151280062063615,0.4615981380915438,0.534522885958107,0.5484871993793639,0.33281613653995346,0.47245927075252137,0.5430566330488751,0.5182311869666408,0.4934057408844065,0.3149728471683475,0.48952676493405745,0.5019394879751746,0.5073700543056633,0.2777346780449961,0.5422808378588053,0.0,0.5011636927851048,0.5252133436772692,0.3405740884406516,0.47478665632273076,0.5011636927851048,0.48719937936384794,0.5120248254460822,0.19006982156710628,0.5096974398758728,0.5290923196276183,0.4150504266873546
TheHistoryofHenryEsmondEsqaColonelintheServiceofHerMajestyQueenAnne,0.530643910007758,0.39875872769588827,0.4996121024049651,0.4460822342901474,0.3359193173002327,0.4833204034134988,0.5678820791311094,0.5104732350659427,0.4809930178432894,0.5065942591155934,0.5562451512800621,0.495733126454616,0.5197827773467805,0.4716834755624515,0.5368502715283165,0.504266873545384,0.45616757176105505,0.5228859581070597,0.48021722265321953,0.4949573312645461,0.5678820791311094,0.43910007757951897,0.52211016291699,0.4809930178432894,0.5244375484871994,0.5159038013964313,0.46082234290147406,0.5368502715283165,0.4569433669511249,0.49185415050426684,0.4732350659425911,0.5205585725368502,0.4499612102404965,0.5011636927851048,0.0,0.24747866563227305,0.5577967416602017,0.517455391776571,0.5128006206361521,0.21489526764934053,0.4592707525213343,0.5430566330488751,0.2273079906904577,0.25523661753297133,0.5446082234290147
TheHistoryofPendennis,0.5283165244375485,0.39953452288595814,0.5166795965865012,0.4313421256788208,0.2885958107059736,0.47788983708301014,0.5267649340574088,0.5492629945694336,0.4220325833979829,0.5539177657098526,0.5546935608999224,0.48642358417377807,0.49883630721489525,0.44142746314972847,0.5484871993793639,0.43211792086889056,0.5159038013964313,0.49650892164468585,0.417377812257564,0.5228859581070597,0.5523661753297129,0.395655546935609,0.5415050426687354,0.4623739332816137,0.5469356089992242,0.5593483320403414,0.47478665632273076,0.5469356089992242,0.4670287044220326,0.5477114041892941,0.4786656322730799,0.5632273079906904,0.4887509697439876,0.5252133436772692,0.24747866563227305,0.0,0.5298681148176881,0.5081458494957332,0.49185415050426684,0.19084561675717615,0.3529868114817688,0.5352986811481768,0.23584173778122575,0.14972847168347558,0.5228859581070597
TheIdiot,0.42979053529868116,0.5019394879751746,0.5081458494957332,0.5205585725368502,0.4809930178432894,0.4662529092319627,0.32816136539953455,0.47788983708301014,0.4507370054305664,0.43987587276958884,0.41349883630721485,0.48719937936384794,0.42280837858805276,0.44453064391000774,0.4763382467028704,0.4336695112490303,0.5050426687354539,0.46082234290147406,0.4484096198603569,0.44142746314972847,0.4406516679596586,0.5228859581070597,0.43754848719937933,0.4150504266873546,0.48642358417377807,0.47245927075252137,0.5446082234290147,0.3700543056633049,0.4763382467028704,0.4615981380915438,0.5228859581070597,0.4189294026377036,0.5352986811481768,0.3405740884406516,0.5577967416602017,0.5298681148176881,0.0,0.46780449961210235,0.42280837858805276,0.5252133436772692,0.4926299456943367,0.3180760279286269,0.5159038013964313,0.5438324282389448,0.36152055857253684
TheMillontheFloss,0.5011636927851048,0.4786656322730799,0.22420480993017844,0.4639255236617533,0.5190069821567107,0.4484096198603569,0.43754848719937933,0.2684251357641583,0.443754848719938,0.4840961986035687,0.47245927075252137,0.2862684251357641,0.447633824670287,0.40884406516679594,0.447633824670287,0.43677269200930957,0.4189294026377036,0.2730799069045772,0.4290147401086113,0.40418929402637704,0.4499612102404965,0.44142746314972847,0.43522110162916994,0.4026377036462374,0.4453064391000776,0.5065942591155934,0.35143522110162917,0.4833204034134988,0.4429790535298681,0.49185415050426684,0.26454615981380913,0.43910007757951897,0.46547711404189296,0.47478665632273076,0.517455391776571,0.5081458494957332,0.46780449961210235,0.0,0.4484096198603569,0.4949573312645461,0.48487199379363843,0.4786656322730799,0.4670287044220326,0.5003878975950349,0.4429790535298681
TheMysteryofEdwinDrood,0.5290923196276183,0.31342125678820787,0.4359968968192397,0.3816912335143522,0.4732350659425911,0.4934057408844065,0.5073700543056633,0.4530643910007758,0.3250581846392553,0.5034910783553141,0.530643910007758,0.43211792086889056,0.2862684251357641,0.25911559348332036,0.5290923196276183,0.3010085337470908,0.48952676493405745,0.42358417377812263,0.34755624515128003,0.4615981380915438,0.4972847168347556,0.39255236617532974,0.504266873545384,0.23972071373157489,0.5244375484871994,0.4903025601241272,0.4499612102404965,0.49418153607447635,0.48254460822342904,0.5058184639255237,0.4615981380915438,0.5034910783553141,0.4647013188518231,0.5011636927851048,0.5128006206361521,0.49185415050426684,0.42280837858805276,0.4484096198603569,0.0,0.5050426687354539,0.417377812257564,0.5228859581070597,0.4577191621411947,0.4996121024049651,0.4359968968192397
TheNewcomesMemoirsofaMostRespectableFamily,0.5422808378588053,0.43677269200930957,0.5081458494957332,0.4732350659425911,0.295577967416602,0.43444530643910007,0.5197827773467805,0.5120248254460822,0.4639255236617533,0.5128006206361521,0.5469356089992242,0.4763382467028704,0.5073700543056633,0.4662529092319627,0.539177657098526,0.48719937936384794,0.4685802948021722,0.5058184639255237,0.44685802948021724,0.46547711404189296,0.5461598138091543,0.45849495733126455,0.5073700543056633,0.48952676493405745,0.5337470907680373,0.5120248254460822,0.4639255236617533,0.5011636927851048,0.43677269200930957,0.5135764158262219,0.4840961986035687,0.530643910007758,0.48642358417377807,0.48719937936384794,0.21489526764934053,0.19084561675717615,0.5252133436772692,0.4949573312645461,0.5050426687354539,0.0,0.4484096198603569,0.48176881303335917,0.1683475562451513,0.20170674941815359,0.5182311869666408
ThePickwickPapers,0.45151280062063615,0.3343677269200931,0.5003878975950349,0.3273855702094647,0.41117145073700545,0.4716834755624515,0.4996121024049651,0.5469356089992242,0.34910783553141966,0.5888285492629945,0.5205585725368502,0.4809930178432894,0.41349883630721485,0.39487975174553913,0.5655546935608999,0.3366951124903026,0.48952676493405745,0.4934057408844065,0.2847168347556245,0.5321955003878975,0.530643910007758,0.23118696664080685,0.5096974398758728,0.40418929402637704,0.5407292474786656,0.5818463925523663,0.4732350659425911,0.5376260667183863,0.47478665632273076,0.5616757176105508,0.4879751745539178,0.5143522110162917,0.44220325833979834,0.5120248254460822,0.4592707525213343,0.3529868114817688,0.4926299456943367,0.48487199379363843,0.417377812257564,0.4484096198603569,0.0,0.5143522110162917,0.4615981380915438,0.3785880527540729,0.47944142746314977
ThePossessedTheDevils,0.3529868114817688,0.5446082234290147,0.4903025601241272,0.5771916214119472,0.5166795965865012,0.5019394879751746,0.19394879751745542,0.48176881303335917,0.5624515128006207,0.47556245151280063,0.30954228083785884,0.5003878975950349,0.4856477889837083,0.5166795965865012,0.4926299456943367,0.5197827773467805,0.5337470907680373,0.5011636927851048,0.5213343677269201,0.4786656322730799,0.4949573312645461,0.5585725368502715,0.3250581846392553,0.48642358417377807,0.5205585725368502,0.495733126454616,0.5128006206361521,0.29247478665632276,0.48642358417377807,0.4949573312645461,0.5321955003878975,0.29712955779674166,0.5903801396431343,0.19006982156710628,0.5430566330488751,0.5352986811481768,0.3180760279286269,0.4786656322730799,0.5228859581070597,0.48176881303335917,0.5143522110162917,0.0,0.5135764158262219,0.5321955003878975,0.37548487199379366
TheVirginians,0.569433669511249,0.45151280062063615,0.4910783553141971,0.4553917765709853,0.35221101629169904,0.4639255236617533,0.5252133436772692,0.4910783553141971,0.4879751745539178,0.5011636927851048,0.5663304887509697,0.4693560899922421,0.517455391776571,0.4406516679596586,0.5143522110162917,0.47013188518231186,0.4972847168347556,0.47478665632273076,0.43754848719937933,0.4670287044220326,0.5205585725368502,0.474010861132661,0.517455391776571,0.4406516679596586,0.5275407292474787,0.47556245151280063,0.47090768037238173,0.5120248254460822,0.4662529092319627,0.4903025601241272,0.4693560899922421,0.5112490302560124,0.5073700543056633,0.5096974398758728,0.2273079906904577,0.23584173778122575,0.5159038013964313,0.4670287044220326,0.4577191621411947,0.1683475562451513,0.4615981380915438,0.5135764158262219,0.0,0.25989138867339023,0.5003878975950349
VanityFair,0.5135764158262219,0.4142746314972847,0.5213343677269201,0.4662529092319627,0.3079906904577192,0.4546159813809154,0.5252133436772692,0.5446082234290147,0.4049650892164468,0.5640031031807603,0.5461598138091543,0.4879751745539178,0.4980605120248255,0.45616757176105505,0.5422808378588053,0.47478665632273076,0.495733126454616,0.49650892164468585,0.4266873545384019,0.49650892164468585,0.5523661753297129,0.4166020170674942,0.5205585725368502,0.48719937936384794,0.5290923196276183,0.5601241272304112,0.4693560899922421,0.5469356089992242,0.4383242823894492,0.5469356089992242,0.48952676493405745,0.539177657098526,0.4623739332816137,0.5290923196276183,0.25523661753297133,0.14972847168347558,0.5438324282389448,0.5003878975950349,0.4996121024049651,0.20170674941815359,0.3785880527540729,0.5321955003878975,0.25989138867339023,0.0,0.5314197051978278
VirginSoil,0.3793638479441428,0.4879751745539178,0.4833204034134988,0.4879751745539178,0.5321955003878975,0.4662529092319627,0.36152055857253684,0.4809930178432894,0.4833204034134988,0.6074476338246703,0.33514352211016296,0.5019394879751746,0.46547711404189296,0.48487199379363843,0.6012412723041117,0.47788983708301014,0.5151280062063615,0.4980605120248255,0.474010861132661,0.46547711404189296,0.5678820791311094,0.4786656322730799,0.34910783553141966,0.4639255236617533,0.5849495733126455,0.5880527540729248,0.504266873545384,0.35686578743211794,0.49883630721489525,0.5880527540729248,0.5096974398758728,0.3584173778122576,0.5011636927851048,0.4150504266873546,0.5446082234290147,0.5228859581070597,0.36152055857253684,0.4429790535298681,0.4359968968192397,0.5182311869666408,0.47944142746314977,0.37548487199379366,0.5003878975950349,0.5314197051978278,0.0
