,ADefenceofPoetryandOtherEssays,AVindicationofNaturalDiet,BalladoftheLostHare,BenPepper,BertLloydsBoyhoodAStoryfromNovaScotia,ClarksField,DonalblaneofDarien,FiveLittlePeppersAbroad,FiveLittlePeppersGrownUp,FiveLittlePeppersMidway,FiveLittlePeppersandHowTheyGrew,FiveLittlePeppersandtheirFriends,FiveLittlePeppersatSchool,HegelsLecturesontheHistoryofPhilosophyVolume1of3,HegelsLecturesontheHistoryofPhilosophyVolume2of3,HegelsPhilosophyofMind,HisGreatAdventure,HistoryofaSixWeeksTourThroughaPartofFranceSwitzerlandGermanyandHollandWithLettersDescriptiveofaSailRoundtheLakeofGenevaandoftheGlaciersofChamouni,InPathsofPerilABoysAdventuresinNovaScotia,LiteraryLoveLettersandOtherStories,MyStrangeRescueandOtherStoriesofSportandAdventureinCanada,PeterBelltheThird,TerrysTrialsandTriumphs,TheAdventuresofJoelPepper,TheCommonLot,TheCompletePoeticalWorksofPercyByssheShelley—Complete,TheCompletePoeticalWorksofPercyByssheShelley—Volume1,TheCompletePoeticalWorksofPercyByssheShelley—Volume2,TheCompletePoeticalWorksofPercyByssheShelley—Volume3,TheDaemonoftheWorld,TheFamilyonWheels,TheHistoryofPhilosophyVolumeThreeof3,TheIntroductiontoHegelsPhilosophyofFineArtsTranslatedfromtheGermanwithNotesandPrefatoryEssay,TheLogicofHegel,TheManWhoWins,TheMasteroftheInn,TheMemoirsofanAmericanCitizen,ThePhilosophyofFineArtvolume1of4HegelsAesthetik,ThePhilosophyofFineArtvolume2of4HegelsAesthetik,ThePhilosophyofFineArtvolume3of4HegelsAesthetik,ThePhilosophyofFineArtvolume4of4HegelsAesthetik,TheStoriesPollyPepperToldtotheFiveLittlePeppersintheLittleBrownHouse,TheWebofLife,TheWitchofAtlas,TheWorldDecision,TheWreckersofSableIsland,TheYoungWoodsmanOrLifeintheForestsofCanada,TiTiPuABoyofRedRiver,Together,WithRogersontheFrontierAStoryof1756
ADefenceofPoetryandOtherEssays,0.0,0.2842881944444444,0.5112847222222222,0.72265625,0.6397569444444444,0.5546875,0.5460069444444444,0.7118055555555556,0.6840277777777778,0.7009548611111112,0.6948784722222222,0.6918402777777778,0.6974826388888888,0.2925347222222222,0.29904513888888884,0.27170138888888884,0.6315104166666667,0.43142361111111116,0.5525173611111112,0.6532118055555556,0.63671875,0.4717881944444444,0.5963541666666667,0.7144097222222222,0.6076388888888888,0.42057291666666663,0.421875,0.4188368055555556,0.41927083333333337,0.39713541666666663,0.5855034722222222,0.2938368055555556,0.24696180555555558,0.2808159722222222,0.6154513888888888,0.5590277777777778,0.6605902777777778,0.25130208333333337,0.26822916666666663,0.25911458333333337,0.25911458333333337,0.67578125,0.6354166666666667,0.43098958333333337,0.4175347222222222,0.5959201388888888,0.6358506944444444,0.546875,0.5959201388888888,0.5455729166666667
AVindicationofNaturalDiet,0.2842881944444444,0.0,0.45572916666666663,0.6753472222222222,0.5920138888888888,0.515625,0.5047743055555556,0.6705729166666667,0.6605902777777778,0.6588541666666667,0.6328125,0.6532118055555556,0.671875,0.41666666666666663,0.4105902777777778,0.37239583333333337,0.5568576388888888,0.421875,0.5342881944444444,0.6215277777777778,0.5863715277777778,0.4561631944444444,0.5373263888888888,0.6671006944444444,0.5590277777777778,0.4066840277777778,0.41927083333333337,0.4110243055555556,0.38064236111111116,0.34201388888888884,0.54296875,0.42361111111111116,0.37282986111111116,0.3980034722222222,0.5681423611111112,0.5095486111111112,0.609375,0.34895833333333337,0.3519965277777778,0.3359375,0.3272569444444444,0.6180555555555556,0.5629340277777778,0.40625,0.39626736111111116,0.55078125,0.5499131944444444,0.49045138888888884,0.5577256944444444,0.5677083333333333
BalladoftheLostHare,0.5112847222222222,0.45572916666666663,0.0,0.4774305555555556,0.53515625,0.5060763888888888,0.47395833333333337,0.4917534722222222,0.45920138888888884,0.4995659722222222,0.47482638888888884,0.47395833333333337,0.4991319444444444,0.5538194444444444,0.5516493055555556,0.5386284722222222,0.5125868055555556,0.5447048611111112,0.47265625,0.49088541666666663,0.5503472222222222,0.4296875,0.49348958333333337,0.453125,0.49782986111111116,0.5034722222222222,0.5026041666666667,0.47395833333333337,0.5065104166666667,0.4487847222222222,0.5104166666666667,0.5460069444444444,0.5303819444444444,0.5733506944444444,0.4565972222222222,0.3980034722222222,0.47482638888888884,0.5325520833333333,0.5173611111111112,0.5225694444444444,0.51171875,0.4214409722222222,0.45876736111111116,0.4331597222222222,0.5056423611111112,0.48220486111111116,0.4618055555555556,0.4652777777777778,0.49001736111111116,0.5256076388888888
BenPepper,0.72265625,0.6753472222222222,0.4774305555555556,0.0,0.38802083333333337,0.3980034722222222,0.5013020833333333,0.15798611111111116,0.1488715277777778,0.16796875,0.19618055555555558,0.11848958333333337,0.140625,0.6566840277777778,0.6657986111111112,0.6775173611111112,0.32942708333333337,0.6293402777777778,0.4448784722222222,0.30989583333333337,0.38671875,0.5607638888888888,0.4253472222222222,0.14279513888888884,0.3285590277777778,0.6089409722222222,0.6019965277777778,0.6193576388888888,0.6124131944444444,0.6666666666666667,0.3975694444444444,0.6727430555555556,0.6888020833333333,0.6636284722222222,0.3237847222222222,0.45963541666666663,0.2999131944444444,0.6827256944444444,0.6927083333333333,0.7113715277777778,0.7087673611111112,0.20225694444444442,0.3207465277777778,0.5724826388888888,0.5368923611111112,0.41015625,0.40060763888888884,0.5104166666666667,0.35720486111111116,0.4565972222222222
BertLloydsBoyhoodAStoryfromNovaScotia,0.6397569444444444,0.5920138888888888,0.53515625,0.38802083333333337,0.0,0.30642361111111116,0.33376736111111116,0.4110243055555556,0.4110243055555556,0.41796875,0.39192708333333337,0.40060763888888884,0.39713541666666663,0.5980902777777778,0.5980902777777778,0.6436631944444444,0.34592013888888884,0.5095486111111112,0.34375,0.3858506944444444,0.24088541666666663,0.4678819444444444,0.2508680555555556,0.3897569444444444,0.31510416666666663,0.5286458333333333,0.5286458333333333,0.5590277777777778,0.5321180555555556,0.6779513888888888,0.29513888888888884,0.6111111111111112,0.6480034722222222,0.6319444444444444,0.3394097222222222,0.45486111111111116,0.36328125,0.6206597222222222,0.6189236111111112,0.6236979166666667,0.6263020833333333,0.43229166666666663,0.33029513888888884,0.5755208333333333,0.4683159722222222,0.24479166666666663,0.24522569444444442,0.35286458333333337,0.3624131944444444,0.28732638888888884
ClarksField,0.5546875,0.515625,0.5060763888888888,0.3980034722222222,0.30642361111111116,0.0,0.3984375,0.40364583333333337,0.39192708333333337,0.375,0.38107638888888884,0.38541666666666663,0.3980034722222222,0.53515625,0.5416666666666667,0.5564236111111112,0.25998263888888884,0.49609375,0.34548611111111116,0.3524305555555556,0.35026041666666663,0.4730902777777778,0.3211805555555556,0.39670138888888884,0.24522569444444442,0.5060763888888888,0.5078125,0.5360243055555556,0.5,0.6232638888888888,0.3194444444444444,0.5546875,0.5477430555555556,0.5512152777777778,0.31467013888888884,0.43185763888888884,0.3402777777777778,0.5685763888888888,0.5755208333333333,0.5837673611111112,0.5885416666666667,0.43098958333333337,0.2816840277777778,0.5269097222222222,0.37326388888888884,0.35546875,0.32161458333333337,0.38888888888888884,0.24088541666666663,0.36197916666666663
DonalblaneofDarien,0.5460069444444444,0.5047743055555556,0.47395833333333337,0.5013020833333333,0.33376736111111116,0.3984375,0.0,0.5008680555555556,0.5004340277777778,0.47005208333333337,0.4565972222222222,0.4848090277777778,0.47526041666666663,0.5247395833333333,0.5421006944444444,0.5651041666666667,0.41623263888888884,0.4444444444444444,0.29557291666666663,0.5,0.3637152777777778,0.42447916666666663,0.29947916666666663,0.49609375,0.42404513888888884,0.45442708333333337,0.4639756944444444,0.4796006944444444,0.4461805555555556,0.546875,0.33854166666666663,0.5399305555555556,0.5455729166666667,0.5850694444444444,0.45182291666666663,0.38541666666666663,0.4774305555555556,0.5438368055555556,0.5190972222222222,0.5342881944444444,0.5434027777777778,0.49826388888888884,0.4262152777777778,0.4756944444444444,0.45572916666666663,0.3129340277777778,0.3198784722222222,0.2651909722222222,0.44401041666666663,0.2734375
FiveLittlePeppersAbroad,0.7118055555555556,0.6705729166666667,0.4917534722222222,0.15798611111111116,0.4110243055555556,0.40364583333333337,0.5008680555555556,0.0,0.17578125,0.1484375,0.1796875,0.16015625,0.1401909722222222,0.6740451388888888,0.6827256944444444,0.67578125,0.34895833333333337,0.6163194444444444,0.44661458333333337,0.2964409722222222,0.3940972222222222,0.5177951388888888,0.43576388888888884,0.17100694444444442,0.3203125,0.5668402777777778,0.5638020833333333,0.5720486111111112,0.5746527777777778,0.6666666666666667,0.38020833333333337,0.6957465277777778,0.6901041666666667,0.6714409722222222,0.33376736111111116,0.4526909722222222,0.26388888888888884,0.7100694444444444,0.7230902777777778,0.7222222222222222,0.7174479166666667,0.17708333333333337,0.3441840277777778,0.5598958333333333,0.53125,0.4214409722222222,0.40494791666666663,0.5004340277777778,0.3394097222222222,0.45486111111111116
FiveLittlePeppersGrownUp,0.6840277777777778,0.6605902777777778,0.45920138888888884,0.1488715277777778,0.4110243055555556,0.39192708333333337,0.5004340277777778,0.17578125,0.0,0.1484375,0.21701388888888884,0.1714409722222222,0.16536458333333337,0.6401909722222222,0.6506076388888888,0.6588541666666667,0.3441840277777778,0.6267361111111112,0.42317708333333337,0.3159722222222222,0.4210069444444444,0.5477430555555556,0.4366319444444444,0.20008680555555558,0.32595486111111116,0.5915798611111112,0.5837673611111112,0.6063368055555556,0.5876736111111112,0.6536458333333333,0.3680555555555556,0.6414930555555556,0.6579861111111112,0.6471354166666667,0.34114583333333337,0.44314236111111116,0.30295138888888884,0.6714409722222222,0.6775173611111112,0.6875,0.6749131944444444,0.2348090277777778,0.3428819444444444,0.5642361111111112,0.5264756944444444,0.41970486111111116,0.40364583333333337,0.4891493055555556,0.35373263888888884,0.4405381944444444
FiveLittlePeppersMidway,0.7009548611111112,0.6588541666666667,0.4995659722222222,0.16796875,0.41796875,0.375,0.47005208333333337,0.1484375,0.1484375,0.0,0.20572916666666663,0.17664930555555558,0.14973958333333337,0.6484375,0.6527777777777778,0.6497395833333333,0.32248263888888884,0.6037326388888888,0.4457465277777778,0.30208333333333337,0.39583333333333337,0.5321180555555556,0.41536458333333337,0.19227430555555558,0.3363715277777778,0.5529513888888888,0.5564236111111112,0.5655381944444444,0.5499131944444444,0.6545138888888888,0.3706597222222222,0.6449652777777778,0.6592881944444444,0.6480034722222222,0.34635416666666663,0.4340277777777778,0.2881944444444444,0.6749131944444444,0.6901041666666667,0.7018229166666667,0.6905381944444444,0.22743055555555558,0.3315972222222222,0.5442708333333333,0.5108506944444444,0.40842013888888884,0.38671875,0.48567708333333337,0.32552083333333337,0.43489583333333337
FiveLittlePeppersandHowTheyGrew,0.6948784722222222,0.6328125,0.47482638888888884,0.19618055555555558,0.39192708333333337,0.38107638888888884,0.4565972222222222,0.1796875,0.21701388888888884,0.20572916666666663,0.0,0.19357638888888884,0.2183159722222222,0.6575520833333333,0.6697048611111112,0.6662326388888888,0.3446180555555556,0.5811631944444444,0.40755208333333337,0.34201388888888884,0.39453125,0.5338541666666667,0.3975694444444444,0.19053819444444442,0.34201388888888884,0.5451388888888888,0.5386284722222222,0.5533854166666667,0.5451388888888888,0.6293402777777778,0.3585069444444444,0.68359375,0.6861979166666667,0.6640625,0.3472222222222222,0.4526909722222222,0.3233506944444444,0.7009548611111112,0.7044270833333333,0.7105034722222222,0.6996527777777778,0.19921875,0.34982638888888884,0.5247395833333333,0.5520833333333333,0.4014756944444444,0.3875868055555556,0.45963541666666663,0.34635416666666663,0.453125
FiveLittlePeppersandtheirFriends,0.6918402777777778,0.6532118055555556,0.47395833333333337,0.11848958333333337,0.40060763888888884,0.38541666666666663,0.4848090277777778,0.16015625,0.1714409722222222,0.17664930555555558,0.19357638888888884,0.0,0.1480034722222222,0.6271701388888888,0.6362847222222222,0.6592881944444444,0.32291666666666663,0.5933159722222222,0.42708333333333337,0.31814236111111116,0.37890625,0.5381944444444444,0.41927083333333337,0.16232638888888884,0.33376736111111116,0.5616319444444444,0.5564236111111112,0.5707465277777778,0.5789930555555556,0.6566840277777778,0.37717013888888884,0.6458333333333333,0.6653645833333333,0.6475694444444444,0.3315972222222222,0.43532986111111116,0.29427083333333337,0.65625,0.6644965277777778,0.6714409722222222,0.6723090277777778,0.2222222222222222,0.3315972222222222,0.5394965277777778,0.5078125,0.40364583333333337,0.4105902777777778,0.4800347222222222,0.3428819444444444,0.4409722222222222
FiveLittlePeppersatSchool,0.6974826388888888,0.671875,0.4991319444444444,0.140625,0.39713541666666663,0.3980034722222222,0.47526041666666663,0.1401909722222222,0.16536458333333337,0.14973958333333337,0.2183159722222222,0.1480034722222222,0.0,0.6380208333333333,0.6553819444444444,0.6540798611111112,0.32595486111111116,0.6085069444444444,0.4292534722222222,0.3081597222222222,0.39279513888888884,0.5390625,0.4249131944444444,0.1918402777777778,0.3328993055555556,0.5772569444444444,0.5750868055555556,0.5842013888888888,0.5694444444444444,0.6723090277777778,0.36545138888888884,0.6488715277777778,0.6662326388888888,0.6549479166666667,0.3524305555555556,0.46354166666666663,0.29513888888888884,0.6744791666666667,0.6831597222222222,0.6883680555555556,0.6805555555555556,0.24305555555555558,0.3524305555555556,0.5755208333333333,0.5190972222222222,0.4058159722222222,0.40842013888888884,0.5082465277777778,0.3485243055555556,0.42795138888888884
HegelsLecturesontheHistoryofPhilosophyVolume1of3,0.2925347222222222,0.41666666666666663,0.5538194444444444,0.6566840277777778,0.5980902777777778,0.53515625,0.5247395833333333,0.6740451388888888,0.6401909722222222,0.6484375,0.6575520833333333,0.6271701388888888,0.6380208333333333,0.0,0.10720486111111116,0.25,0.5828993055555556,0.4600694444444444,0.58984375,0.6089409722222222,0.57421875,0.5303819444444444,0.5828993055555556,0.6844618055555556,0.5620659722222222,0.5043402777777778,0.5073784722222222,0.5212673611111112,0.47395833333333337,0.47873263888888884,0.56640625,0.13802083333333337,0.22526041666666663,0.20052083333333337,0.5807291666666667,0.5568576388888888,0.6302083333333333,0.22439236111111116,0.2387152777777778,0.24782986111111116,0.24305555555555558,0.6575520833333333,0.5989583333333333,0.5056423611111112,0.4223090277777778,0.6145833333333333,0.6176215277777778,0.5638020833333333,0.5425347222222222,0.5290798611111112
HegelsLecturesontheHistoryofPhilosophyVolume2of3,0.29904513888888884,0.4105902777777778,0.5516493055555556,0.6657986111111112,0.5980902777777778,0.5416666666666667,0.5421006944444444,0.6827256944444444,0.6506076388888888,0.6527777777777778,0.6697048611111112,0.6362847222222222,0.6553819444444444,0.10720486111111116,0.0,0.2269965277777778,0.60546875,0.4487847222222222,0.5963541666666667,0.6284722222222222,0.5733506944444444,0.5520833333333333,0.5737847222222222,0.6987847222222222,0.5625,0.5394965277777778,0.5416666666666667,0.5421006944444444,0.51171875,0.4835069444444444,0.5555555555555556,0.10677083333333337,0.19791666666666663,0.18359375,0.5941840277777778,0.5638020833333333,0.63671875,0.2183159722222222,0.2309027777777778,0.22395833333333337,0.22829861111111116,0.6731770833333333,0.6171875,0.5138888888888888,0.4370659722222222,0.6119791666666667,0.6345486111111112,0.5516493055555556,0.546875,0.5269097222222222
HegelsPhilosophyofMind,0.27170138888888884,0.37239583333333337,0.5386284722222222,0.6775173611111112,0.6436631944444444,0.5564236111111112,0.5651041666666667,0.67578125,0.6588541666666667,0.6497395833333333,0.6662326388888888,0.6592881944444444,0.6540798611111112,0.25,0.2269965277777778,0.0,0.5915798611111112,0.43576388888888884,0.5985243055555556,0.6171875,0.6106770833333333,0.51171875,0.5989583333333333,0.7057291666666667,0.5724826388888888,0.5130208333333333,0.5199652777777778,0.4813368055555556,0.4926215277777778,0.42708333333333337,0.6015625,0.2183159722222222,0.17708333333333337,0.14192708333333337,0.5993923611111112,0.55078125,0.6458333333333333,0.23350694444444442,0.2573784722222222,0.2300347222222222,0.25651041666666663,0.6575520833333333,0.5950520833333333,0.47395833333333337,0.42838541666666663,0.6323784722222222,0.6419270833333333,0.5481770833333333,0.56640625,0.5763888888888888
HisGreatAdventure,0.6315104166666667,0.5568576388888888,0.5125868055555556,0.32942708333333337,0.34592013888888884,0.25998263888888884,0.41623263888888884,0.34895833333333337,0.3441840277777778,0.32248263888888884,0.3446180555555556,0.32291666666666663,0.32595486111111116,0.5828993055555556,0.60546875,0.5915798611111112,0.0,0.5082465277777778,0.3828125,0.27213541666666663,0.34635416666666663,0.5026041666666667,0.33376736111111116,0.34114583333333337,0.20876736111111116,0.5052083333333333,0.5147569444444444,0.5147569444444444,0.48958333333333337,0.6254340277777778,0.3624131944444444,0.5863715277777778,0.5902777777777778,0.5924479166666667,0.2730034722222222,0.36197916666666663,0.2569444444444444,0.6219618055555556,0.62109375,0.6236979166666667,0.6358506944444444,0.3910590277777778,0.2065972222222222,0.5360243055555556,0.40407986111111116,0.375,0.33767361111111116,0.4175347222222222,0.21180555555555558,0.3862847222222222
HistoryofaSixWeeksTourThroughaPartofFranceSwitzerlandGermanyandHollandWithLettersDescriptiveofaSailRoundtheLakeofGenevaandoftheGlaciersofChamouni,0.43142361111111116,0.421875,0.5447048611111112,0.6293402777777778,0.5095486111111112,0.49609375,0.4444444444444444,0.6163194444444444,0.6267361111111112,0.6037326388888888,0.5811631944444444,0.5933159722222222,0.6085069444444444,0.4600694444444444,0.4487847222222222,0.43576388888888884,0.5082465277777778,0.0,0.4813368055555556,0.5512152777777778,0.43967013888888884,0.4609375,0.4722222222222222,0.6267361111111112,0.5321180555555556,0.4014756944444444,0.41189236111111116,0.36197916666666663,0.41666666666666663,0.4214409722222222,0.4995659722222222,0.46310763888888884,0.44704861111111116,0.45095486111111116,0.5785590277777778,0.4561631944444444,0.5368923611111112,0.4487847222222222,0.4331597222222222,0.4140625,0.4301215277777778,0.5985243055555556,0.51171875,0.4457465277777778,0.38020833333333337,0.4809027777777778,0.47786458333333337,0.4253472222222222,0.5056423611111112,0.45095486111111116
InPathsofPerilABoysAdventuresinNovaScotia,0.5525173611111112,0.5342881944444444,0.47265625,0.4448784722222222,0.34375,0.34548611111111116,0.29557291666666663,0.44661458333333337,0.42317708333333337,0.4457465277777778,0.40755208333333337,0.42708333333333337,0.4292534722222222,0.58984375,0.5963541666666667,0.5985243055555556,0.3828125,0.4813368055555556,0.0,0.4340277777777778,0.36545138888888884,0.43098958333333337,0.2777777777777778,0.4652777777777778,0.38151041666666663,0.45572916666666663,0.453125,0.46614583333333337,0.47916666666666663,0.5529513888888888,0.3116319444444444,0.5941840277777778,0.5915798611111112,0.6219618055555556,0.41623263888888884,0.4175347222222222,0.45572916666666663,0.5815972222222222,0.5716145833333333,0.5872395833333333,0.5863715277777778,0.43359375,0.3667534722222222,0.4930555555555556,0.4678819444444444,0.328125,0.3311631944444444,0.3046875,0.3706597222222222,0.2899305555555556
LiteraryLoveLettersandOtherStories,0.6532118055555556,0.6215277777777778,0.49088541666666663,0.30989583333333337,0.3858506944444444,0.3524305555555556,0.5,0.2964409722222222,0.3159722222222222,0.30208333333333337,0.34201388888888884,0.31814236111111116,0.3081597222222222,0.6089409722222222,0.6284722222222222,0.6171875,0.27213541666666663,0.5512152777777778,0.4340277777777778,0.0,0.36154513888888884,0.4874131944444444,0.4214409722222222,0.32638888888888884,0.2625868055555556,0.5225694444444444,0.5221354166666667,0.5260416666666667,0.5503472222222222,0.6623263888888888,0.39453125,0.6267361111111112,0.6241319444444444,0.6150173611111112,0.2625868055555556,0.39236111111111116,0.22395833333333337,0.6440972222222222,0.6467013888888888,0.6549479166666667,0.6493055555555556,0.36545138888888884,0.2387152777777778,0.5863715277777778,0.4600694444444444,0.3975694444444444,0.3589409722222222,0.4887152777777778,0.26171875,0.4453125
MyStrangeRescueandOtherStoriesofSportandAdventureinCanada,0.63671875,0.5863715277777778,0.5503472222222222,0.38671875,0.24088541666666663,0.35026041666666663,0.3637152777777778,0.3940972222222222,0.4210069444444444,0.39583333333333337,0.39453125,0.37890625,0.39279513888888884,0.57421875,0.5733506944444444,0.6106770833333333,0.34635416666666663,0.43967013888888884,0.36545138888888884,0.36154513888888884,0.0,0.4917534722222222,0.2808159722222222,0.3754340277777778,0.34505208333333337,0.4639756944444444,0.4761284722222222,0.4956597222222222,0.47916666666666663,0.63671875,0.30078125,0.5972222222222222,0.6180555555555556,0.5911458333333333,0.38888888888888884,0.4053819444444444,0.35286458333333337,0.5950520833333333,0.5959201388888888,0.5963541666666667,0.6158854166666667,0.4027777777777778,0.33072916666666663,0.55078125,0.4253472222222222,0.2803819444444444,0.26692708333333337,0.3324652777777778,0.3428819444444444,0.2934027777777778
PeterBelltheThird,0.4717881944444444,0.4561631944444444,0.4296875,0.5607638888888888,0.4678819444444444,0.4730902777777778,0.42447916666666663,0.5177951388888888,0.5477430555555556,0.5321180555555556,0.5338541666666667,0.5381944444444444,0.5390625,0.5303819444444444,0.5520833333333333,0.51171875,0.5026041666666667,0.4609375,0.43098958333333337,0.4874131944444444,0.4917534722222222,0.0,0.4618055555555556,0.5416666666666667,0.4796006944444444,0.34157986111111116,0.3324652777777778,0.35720486111111116,0.3719618055555556,0.43576388888888884,0.47829861111111116,0.5620659722222222,0.5286458333333333,0.5590277777777778,0.49088541666666663,0.38541666666666663,0.5091145833333333,0.5494791666666667,0.5256076388888888,0.53515625,0.5321180555555556,0.5177951388888888,0.48307291666666663,0.35763888888888884,0.49479166666666663,0.4340277777777778,0.46701388888888884,0.45182291666666663,0.4600694444444444,0.44140625
TerrysTrialsandTriumphs,0.5963541666666667,0.5373263888888888,0.49348958333333337,0.4253472222222222,0.2508680555555556,0.3211805555555556,0.29947916666666663,0.43576388888888884,0.4366319444444444,0.41536458333333337,0.3975694444444444,0.41927083333333337,0.4249131944444444,0.5828993055555556,0.5737847222222222,0.5989583333333333,0.33376736111111116,0.4722222222222222,0.2777777777777778,0.4214409722222222,0.2808159722222222,0.4618055555555556,0.0,0.41579861111111116,0.3355034722222222,0.46701388888888884,0.4717881944444444,0.49045138888888884,0.4609375,0.59375,0.32595486111111116,0.5776909722222222,0.5885416666666667,0.5954861111111112,0.38802083333333337,0.4422743055555556,0.4066840277777778,0.5963541666666667,0.5928819444444444,0.5885416666666667,0.59375,0.43098958333333337,0.33420138888888884,0.5026041666666667,0.47873263888888884,0.29123263888888884,0.27170138888888884,0.3246527777777778,0.33333333333333337,0.28255208333333337
TheAdventuresofJoelPepper,0.7144097222222222,0.6671006944444444,0.453125,0.14279513888888884,0.3897569444444444,0.39670138888888884,0.49609375,0.17100694444444442,0.20008680555555558,0.19227430555555558,0.19053819444444442,0.16232638888888884,0.1918402777777778,0.6844618055555556,0.6987847222222222,0.7057291666666667,0.34114583333333337,0.6267361111111112,0.4652777777777778,0.32638888888888884,0.3754340277777778,0.5416666666666667,0.41579861111111116,0.0,0.34592013888888884,0.5885416666666667,0.5863715277777778,0.58984375,0.5920138888888888,0.6584201388888888,0.41970486111111116,0.7100694444444444,0.7096354166666667,0.6979166666666667,0.33854166666666663,0.4457465277777778,0.29470486111111116,0.6966145833333333,0.7048611111111112,0.7269965277777778,0.7061631944444444,0.18836805555555558,0.32204861111111116,0.5629340277777778,0.55078125,0.39322916666666663,0.3828125,0.4930555555555556,0.3515625,0.46223958333333337
TheCommonLot,0.6076388888888888,0.5590277777777778,0.49782986111111116,0.3285590277777778,0.31510416666666663,0.24522569444444442,0.42404513888888884,0.3203125,0.32595486111111116,0.3363715277777778,0.34201388888888884,0.33376736111111116,0.3328993055555556,0.5620659722222222,0.5625,0.5724826388888888,0.20876736111111116,0.5321180555555556,0.38151041666666663,0.2625868055555556,0.34505208333333337,0.4796006944444444,0.3355034722222222,0.34592013888888884,0.0,0.5269097222222222,0.5182291666666667,0.5329861111111112,0.5334201388888888,0.6345486111111112,0.35373263888888884,0.5716145833333333,0.5807291666666667,0.5868055555555556,0.22960069444444442,0.35416666666666663,0.23654513888888884,0.6076388888888888,0.60546875,0.6028645833333333,0.6141493055555556,0.3984375,0.18923611111111116,0.5299479166666667,0.39192708333333337,0.35720486111111116,0.3203125,0.4188368055555556,0.20138888888888884,0.3624131944444444
TheCompletePoeticalWorksofPercyByssheShelley—Complete,0.42057291666666663,0.4066840277777778,0.5034722222222222,0.6089409722222222,0.5286458333333333,0.5060763888888888,0.45442708333333337,0.5668402777777778,0.5915798611111112,0.5529513888888888,0.5451388888888888,0.5616319444444444,0.5772569444444444,0.5043402777777778,0.5394965277777778,0.5130208333333333,0.5052083333333333,0.4014756944444444,0.45572916666666663,0.5225694444444444,0.4639756944444444,0.34157986111111116,0.46701388888888884,0.5885416666666667,0.5269097222222222,0.0,0.06206597222222221,0.13454861111111116,0.12369791666666663,0.3602430555555556,0.48697916666666663,0.5464409722222222,0.5217013888888888,0.5460069444444444,0.5720486111111112,0.4522569444444444,0.5169270833333333,0.5425347222222222,0.5299479166666667,0.5203993055555556,0.5316840277777778,0.5703125,0.5182291666666667,0.3394097222222222,0.4522569444444444,0.5082465277777778,0.5052083333333333,0.48697916666666663,0.46223958333333337,0.5112847222222222
TheCompletePoeticalWorksofPercyByssheShelley—Volume1,0.421875,0.41927083333333337,0.5026041666666667,0.6019965277777778,0.5286458333333333,0.5078125,0.4639756944444444,0.5638020833333333,0.5837673611111112,0.5564236111111112,0.5386284722222222,0.5564236111111112,0.5750868055555556,0.5073784722222222,0.5416666666666667,0.5199652777777778,0.5147569444444444,0.41189236111111116,0.453125,0.5221354166666667,0.4761284722222222,0.3324652777777778,0.4717881944444444,0.5863715277777778,0.5182291666666667,0.06206597222222221,0.0,0.1675347222222222,0.17751736111111116,0.3550347222222222,0.4887152777777778,0.5520833333333333,0.5338541666666667,0.5572916666666667,0.5703125,0.4496527777777778,0.5203993055555556,0.5368923611111112,0.5151909722222222,0.5134548611111112,0.5264756944444444,0.5703125,0.5247395833333333,0.31510416666666663,0.4618055555555556,0.5078125,0.5030381944444444,0.48828125,0.4613715277777778,0.5190972222222222
TheCompletePoeticalWorksofPercyByssheShelley—Volume2,0.4188368055555556,0.4110243055555556,0.47395833333333337,0.6193576388888888,0.5590277777777778,0.5360243055555556,0.4796006944444444,0.5720486111111112,0.6063368055555556,0.5655381944444444,0.5533854166666667,0.5707465277777778,0.5842013888888888,0.5212673611111112,0.5421006944444444,0.4813368055555556,0.5147569444444444,0.36197916666666663,0.46614583333333337,0.5260416666666667,0.4956597222222222,0.35720486111111116,0.49045138888888884,0.58984375,0.5329861111111112,0.13454861111111116,0.1675347222222222,0.0,0.2113715277777778,0.32248263888888884,0.52734375,0.5516493055555556,0.5052083333333333,0.5303819444444444,0.5711805555555556,0.4136284722222222,0.5290798611111112,0.5338541666666667,0.5095486111111112,0.5134548611111112,0.5199652777777778,0.5538194444444444,0.5199652777777778,0.3207465277777778,0.4453125,0.5203993055555556,0.5043402777777778,0.4848090277777778,0.47829861111111116,0.5243055555555556
TheCompletePoeticalWorksofPercyByssheShelley—Volume3,0.41927083333333337,0.38064236111111116,0.5065104166666667,0.6124131944444444,0.5321180555555556,0.5,0.4461805555555556,0.5746527777777778,0.5876736111111112,0.5499131944444444,0.5451388888888888,0.5789930555555556,0.5694444444444444,0.47395833333333337,0.51171875,0.4926215277777778,0.48958333333333337,0.41666666666666663,0.47916666666666663,0.5503472222222222,0.47916666666666663,0.3719618055555556,0.4609375,0.5920138888888888,0.5334201388888888,0.12369791666666663,0.17751736111111116,0.2113715277777778,0.0,0.36501736111111116,0.4926215277777778,0.5143229166666667,0.49001736111111116,0.5160590277777778,0.5789930555555556,0.4644097222222222,0.5316840277777778,0.5177951388888888,0.51171875,0.49782986111111116,0.5069444444444444,0.5794270833333333,0.5190972222222222,0.3741319444444444,0.44140625,0.5295138888888888,0.515625,0.5008680555555556,0.46744791666666663,0.5017361111111112
TheDaemonoftheWorld,0.39713541666666663,0.34201388888888884,0.4487847222222222,0.6666666666666667,0.6779513888888888,0.6232638888888888,0.546875,0.6666666666666667,0.6536458333333333,0.6545138888888888,0.6293402777777778,0.6566840277777778,0.6723090277777778,0.47873263888888884,0.4835069444444444,0.42708333333333337,0.6254340277777778,0.4214409722222222,0.5529513888888888,0.6623263888888888,0.63671875,0.43576388888888884,0.59375,0.6584201388888888,0.6345486111111112,0.3602430555555556,0.3550347222222222,0.32248263888888884,0.36501736111111116,0.0,0.6315104166666667,0.4813368055555556,0.41579861111111116,0.4717881944444444,0.65625,0.4370659722222222,0.6584201388888888,0.4383680555555556,0.4136284722222222,0.4131944444444444,0.4249131944444444,0.6063368055555556,0.6106770833333333,0.3012152777777778,0.4991319444444444,0.6332465277777778,0.5920138888888888,0.5230034722222222,0.5959201388888888,0.6349826388888888
TheFamilyonWheels,0.5855034722222222,0.54296875,0.5104166666666667,0.3975694444444444,0.29513888888888884,0.3194444444444444,0.33854166666666663,0.38020833333333337,0.3680555555555556,0.3706597222222222,0.3585069444444444,0.37717013888888884,0.36545138888888884,0.56640625,0.5555555555555556,0.6015625,0.3624131944444444,0.4995659722222222,0.3116319444444444,0.39453125,0.30078125,0.47829861111111116,0.32595486111111116,0.41970486111111116,0.35373263888888884,0.48697916666666663,0.4887152777777778,0.52734375,0.4926215277777778,0.6315104166666667,0.0,0.5698784722222222,0.5894097222222222,0.5907118055555556,0.40234375,0.4448784722222222,0.36111111111111116,0.5828993055555556,0.5993923611111112,0.59765625,0.6006944444444444,0.3988715277777778,0.37890625,0.5529513888888888,0.4578993055555556,0.3506944444444444,0.36067708333333337,0.3663194444444444,0.34765625,0.3055555555555556
TheHistoryofPhilosophyVolumeThreeof3,0.2938368055555556,0.42361111111111116,0.5460069444444444,0.6727430555555556,0.6111111111111112,0.5546875,0.5399305555555556,0.6957465277777778,0.6414930555555556,0.6449652777777778,0.68359375,0.6458333333333333,0.6488715277777778,0.13802083333333337,0.10677083333333337,0.2183159722222222,0.5863715277777778,0.46310763888888884,0.5941840277777778,0.6267361111111112,0.5972222222222222,0.5620659722222222,0.5776909722222222,0.7100694444444444,0.5716145833333333,0.5464409722222222,0.5520833333333333,0.5516493055555556,0.5143229166666667,0.4813368055555556,0.5698784722222222,0.0,0.1875,0.16319444444444442,0.5842013888888888,0.5529513888888888,0.6493055555555556,0.20876736111111116,0.22960069444444442,0.2230902777777778,0.23263888888888884,0.6822916666666667,0.6141493055555556,0.5134548611111112,0.4444444444444444,0.6258680555555556,0.6427951388888888,0.5516493055555556,0.5551215277777778,0.5334201388888888
TheIntroductiontoHegelsPhilosophyofFineArtsTranslatedfromtheGermanwithNotesandPrefatoryEssay,0.24696180555555558,0.37282986111111116,0.5303819444444444,0.6888020833333333,0.6480034722222222,0.5477430555555556,0.5455729166666667,0.6901041666666667,0.6579861111111112,0.6592881944444444,0.6861979166666667,0.6653645833333333,0.6662326388888888,0.22526041666666663,0.19791666666666663,0.17708333333333337,0.5902777777777778,0.44704861111111116,0.5915798611111112,0.6241319444444444,0.6180555555555556,0.5286458333333333,0.5885416666666667,0.7096354166666667,0.5807291666666667,0.5217013888888888,0.5338541666666667,0.5052083333333333,0.49001736111111116,0.41579861111111116,0.5894097222222222,0.1875,0.0,0.17664930555555558,0.5933159722222222,0.5264756944444444,0.6436631944444444,0.18185763888888884,0.21701388888888884,0.18967013888888884,0.20138888888888884,0.6705729166666667,0.6011284722222222,0.47829861111111116,0.39973958333333337,0.6358506944444444,0.6341145833333333,0.5360243055555556,0.5716145833333333,0.5542534722222222
TheLogicofHegel,0.2808159722222222,0.3980034722222222,0.5733506944444444,0.6636284722222222,0.6319444444444444,0.5512152777777778,0.5850694444444444,0.6714409722222222,0.6471354166666667,0.6480034722222222,0.6640625,0.6475694444444444,0.6549479166666667,0.20052083333333337,0.18359375,0.14192708333333337,0.5924479166666667,0.45095486111111116,0.6219618055555556,0.6150173611111112,0.5911458333333333,0.5590277777777778,0.5954861111111112,0.6979166666666667,0.5868055555555556,0.5460069444444444,0.5572916666666667,0.5303819444444444,0.5160590277777778,0.4717881944444444,0.5907118055555556,0.16319444444444442,0.17664930555555558,0.0,0.5972222222222222,0.5842013888888888,0.6427951388888888,0.22395833333333337,0.25911458333333337,0.2387152777777778,0.25564236111111116,0.6571180555555556,0.6072048611111112,0.5182291666666667,0.43359375,0.6440972222222222,0.6388888888888888,0.5677083333333333,0.5659722222222222,0.5690104166666667
TheManWhoWins,0.6154513888888888,0.5681423611111112,0.4565972222222222,0.3237847222222222,0.3394097222222222,0.31467013888888884,0.45182291666666663,0.33376736111111116,0.34114583333333337,0.34635416666666663,0.3472222222222222,0.3315972222222222,0.3524305555555556,0.5807291666666667,0.5941840277777778,0.5993923611111112,0.2730034722222222,0.5785590277777778,0.41623263888888884,0.2625868055555556,0.38888888888888884,0.49088541666666663,0.38802083333333337,0.33854166666666663,0.22960069444444442,0.5720486111111112,0.5703125,0.5711805555555556,0.5789930555555556,0.65625,0.40234375,0.5842013888888888,0.5933159722222222,0.5972222222222222,0.0,0.37326388888888884,0.3012152777777778,0.6176215277777778,0.6215277777777778,0.6176215277777778,0.6297743055555556,0.38932291666666663,0.21614583333333337,0.5373263888888888,0.4574652777777778,0.3741319444444444,0.34201388888888884,0.4409722222222222,0.28342013888888884,0.4453125
TheMasteroftheInn,0.5590277777777778,0.5095486111111112,0.3980034722222222,0.45963541666666663,0.45486111111111116,0.43185763888888884,0.38541666666666663,0.4526909722222222,0.44314236111111116,0.4340277777777778,0.4526909722222222,0.43532986111111116,0.46354166666666663,0.5568576388888888,0.5638020833333333,0.55078125,0.36197916666666663,0.4561631944444444,0.4175347222222222,0.39236111111111116,0.4053819444444444,0.38541666666666663,0.4422743055555556,0.4457465277777778,0.35416666666666663,0.4522569444444444,0.4496527777777778,0.4136284722222222,0.4644097222222222,0.4370659722222222,0.4448784722222222,0.5529513888888888,0.5264756944444444,0.5842013888888888,0.37326388888888884,0.0,0.3780381944444444,0.5525173611111112,0.5121527777777778,0.5390625,0.5460069444444444,0.4344618055555556,0.34895833333333337,0.41579861111111116,0.4136284722222222,0.38932291666666663,0.38411458333333337,0.37717013888888884,0.3328993055555556,0.40885416666666663
TheMemoirsofanAmericanCitizen,0.6605902777777778,0.609375,0.47482638888888884,0.2999131944444444,0.36328125,0.3402777777777778,0.4774305555555556,0.26388888888888884,0.30295138888888884,0.2881944444444444,0.3233506944444444,0.29427083333333337,0.29513888888888884,0.6302083333333333,0.63671875,0.6458333333333333,0.2569444444444444,0.5368923611111112,0.45572916666666663,0.22395833333333337,0.35286458333333337,0.5091145833333333,0.4066840277777778,0.29470486111111116,0.23654513888888884,0.5169270833333333,0.5203993055555556,0.5290798611111112,0.5316840277777778,0.6584201388888888,0.36111111111111116,0.6493055555555556,0.6436631944444444,0.6427951388888888,0.3012152777777778,0.3780381944444444,0.0,0.6584201388888888,0.6705729166666667,0.6571180555555556,0.6666666666666667,0.33767361111111116,0.26779513888888884,0.5881076388888888,0.42404513888888884,0.3914930555555556,0.36328125,0.4809027777777778,0.2547743055555556,0.40885416666666663
ThePhilosophyofFineArtvolume1of4HegelsAesthetik,0.25130208333333337,0.34895833333333337,0.5325520833333333,0.6827256944444444,0.6206597222222222,0.5685763888888888,0.5438368055555556,0.7100694444444444,0.6714409722222222,0.6749131944444444,0.7009548611111112,0.65625,0.6744791666666667,0.22439236111111116,0.2183159722222222,0.23350694444444442,0.6219618055555556,0.4487847222222222,0.5815972222222222,0.6440972222222222,0.5950520833333333,0.5494791666666667,0.5963541666666667,0.6966145833333333,0.6076388888888888,0.5425347222222222,0.5368923611111112,0.5338541666666667,0.5177951388888888,0.4383680555555556,0.5828993055555556,0.20876736111111116,0.18185763888888884,0.22395833333333337,0.6176215277777778,0.5525173611111112,0.6584201388888888,0.0,0.10590277777777779,0.11414930555555558,0.10416666666666663,0.6779513888888888,0.6362847222222222,0.4839409722222222,0.40017361111111116,0.6419270833333333,0.6371527777777778,0.5533854166666667,0.5967881944444444,0.5373263888888888
ThePhilosophyofFineArtvolume2of4HegelsAesthetik,0.26822916666666663,0.3519965277777778,0.5173611111111112,0.6927083333333333,0.6189236111111112,0.5755208333333333,0.5190972222222222,0.7230902777777778,0.6775173611111112,0.6901041666666667,0.7044270833333333,0.6644965277777778,0.6831597222222222,0.2387152777777778,0.2309027777777778,0.2573784722222222,0.62109375,0.4331597222222222,0.5716145833333333,0.6467013888888888,0.5959201388888888,0.5256076388888888,0.5928819444444444,0.7048611111111112,0.60546875,0.5299479166666667,0.5151909722222222,0.5095486111111112,0.51171875,0.4136284722222222,0.5993923611111112,0.22960069444444442,0.21701388888888884,0.25911458333333337,0.6215277777777778,0.5121527777777778,0.6705729166666667,0.10590277777777779,0.0,0.10416666666666663,0.10590277777777779,0.6779513888888888,0.6263020833333333,0.45833333333333337,0.3993055555555556,0.6184895833333333,0.6219618055555556,0.5338541666666667,0.6128472222222222,0.5373263888888888
ThePhilosophyofFineArtvolume3of4HegelsAesthetik,0.25911458333333337,0.3359375,0.5225694444444444,0.7113715277777778,0.6236979166666667,0.5837673611111112,0.5342881944444444,0.7222222222222222,0.6875,0.7018229166666667,0.7105034722222222,0.6714409722222222,0.6883680555555556,0.24782986111111116,0.22395833333333337,0.2300347222222222,0.6236979166666667,0.4140625,0.5872395833333333,0.6549479166666667,0.5963541666666667,0.53515625,0.5885416666666667,0.7269965277777778,0.6028645833333333,0.5203993055555556,0.5134548611111112,0.5134548611111112,0.49782986111111116,0.4131944444444444,0.59765625,0.2230902777777778,0.18967013888888884,0.2387152777777778,0.6176215277777778,0.5390625,0.6571180555555556,0.11414930555555558,0.10416666666666663,0.0,0.08289930555555558,0.6944444444444444,0.6263020833333333,0.4722222222222222,0.4071180555555556,0.6354166666666667,0.6276041666666667,0.5217013888888888,0.60546875,0.5329861111111112
