,ADefenceofPoetryandOtherEssays,AVindicationofNaturalDiet,BalladoftheLostHare,BenPepper,BertLloydsBoyhoodAStoryfromNovaScotia,ClarksField,DonalblaneofDarien,FiveLittlePeppersAbroad,FiveLittlePeppersGrownUp,FiveLittlePeppersMidway,FiveLittlePeppersandHowTheyGrew,FiveLittlePeppersandtheirFriends,FiveLittlePeppersatSchool,HegelsLecturesontheHistoryofPhilosophyVolume1of3,HegelsLecturesontheHistoryofPhilosophyVolume2of3,HegelsPhilosophyofMind,HisGreatAdventure,HistoryofaSixWeeksTourThroughaPartofFranceSwitzerlandGermanyandHollandWithLettersDescriptiveofaSailRoundtheLakeofGenevaandoftheGlaciersofChamouni,InPathsofPerilABoysAdventuresinNovaScotia,LiteraryLoveLettersandOtherStories,MyStrangeRescueandOtherStoriesofSportandAdventureinCanada,PeterBelltheThird,TerrysTrialsandTriumphs,TheAdventuresofJoelPepper,TheCommonLot,TheCompletePoeticalWorksofPercyByssheShelley—Complete,TheCompletePoeticalWorksofPercyByssheShelley—Volume1,TheCompletePoeticalWorksofPercyByssheShelley—Volume2,TheCompletePoeticalWorksofPercyByssheShelley—Volume3,TheDaemonoftheWorld,TheFamilyonWheels,TheHistoryofPhilosophyVolumeThreeof3,TheIntroductiontoHegelsPhilosophyofFineArtsTranslatedfromtheGermanwithNotesandPrefatoryEssay,TheLogicofHegel,TheManWhoWins,TheMasteroftheInn,TheMemoirsofanAmericanCitizen,ThePhilosophyofFineArtvolume1of4HegelsAesthetik,ThePhilosophyofFineArtvolume2of4HegelsAesthetik,ThePhilosophyofFineArtvolume3of4HegelsAesthetik,ThePhilosophyofFineArtvolume4of4HegelsAesthetik,TheStoriesPollyPepperToldtotheFiveLittlePeppersintheLittleBrownHouse,TheWebofLife,TheWitchofAtlas,TheWorldDecision,TheWreckersofSableIsland,TheYoungWoodsmanOrLifeintheForestsofCanada,TiTiPuABoyofRedRiver,Together,WithRogersontheFrontierAStoryof1756
ADefenceofPoetryandOtherEssays,0.0,0.30834683954619124,0.4278768233387358,0.7159643435980552,0.6098055105348461,0.5243111831442464,0.486223662884927,0.7054294975688817,0.6888168557536467,0.6867909238249594,0.6782820097244733,0.6839546191247974,0.6969205834683955,0.2913290113452188,0.3047001620745543,0.2799837925445705,0.5871150729335495,0.38857374392220423,0.5247163695299838,0.6122366288492707,0.5891410048622366,0.4635332252836305,0.5555105348460292,0.6973257698541329,0.5603727714748785,0.42341977309562395,0.4254457050243112,0.4161264181523501,0.4072123176661264,0.39789303079416527,0.5482171799027553,0.2970016207455429,0.24837925445705022,0.2751215559157212,0.563614262560778,0.4870340356564019,0.6320907617504052,0.2556726094003241,0.2848460291734197,0.2621555915721232,0.27066450567260936,0.6750405186385737,0.583063209076175,0.40680713128038903,0.3853322528363047,0.5474068071312803,0.5842787682333874,0.4882495948136143,0.5696920583468396,0.5040518638573743
AVindicationofNaturalDiet,0.30834683954619124,0.0,0.30753646677471635,0.646677471636953,0.5749594813614263,0.5072933549432739,0.4376012965964343,0.6442463533225284,0.6138573743922204,0.619935170178282,0.6045380875202593,0.6175040518638574,0.6296596434359806,0.4250405186385737,0.4376012965964343,0.4161264181523501,0.5275526742301458,0.39465153970826583,0.45340356564019446,0.583063209076175,0.5449756888168558,0.38776337115072934,0.49594813614262556,0.6393841166936791,0.5352512155591572,0.4278768233387358,0.440032414910859,0.42341977309562395,0.38776337115072934,0.29011345218800644,0.49797406807131284,0.44205834683954615,0.38290113452188,0.42463533225283634,0.4931118314424635,0.41774716369529985,0.580226904376013,0.3707455429497569,0.3788492706645057,0.36183144246353327,0.3606158833063209,0.6061588330632091,0.5198541329011346,0.30145867098865475,0.38816855753646673,0.5008103727714749,0.513776337115073,0.4343598055105349,0.5299837925445705,0.5068881685575365
BalladoftheLostHare,0.4278768233387358,0.30753646677471635,0.0,0.5486223662884927,0.5474068071312803,0.5040518638573743,0.43557536466774716,0.5798217179902756,0.5194489465153971,0.5465964343598055,0.5384927066450567,0.5429497568881685,0.5526742301458671,0.4805510534846029,0.49108589951377635,0.46758508914100483,0.4890599675850892,0.45502431118314424,0.42909238249594817,0.4951377633711507,0.5482171799027553,0.35737439222042144,0.46636952998379255,0.5368719611021069,0.4886547811993517,0.5401134521880064,0.5409238249594814,0.5068881685575365,0.49716369529983795,0.3399513776337115,0.48581847649918963,0.4708265802269044,0.46069692058346845,0.4923014586709886,0.3974878444084279,0.33184764991896276,0.5186385737439222,0.44854132901134525,0.44165316045380876,0.4323338735818476,0.4457050243111832,0.5113452188006483,0.440032414910859,0.339546191247974,0.43638573743922204,0.4679902755267423,0.4870340356564019,0.4011345218800648,0.5004051863857375,0.48014586709886553
BenPepper,0.7159643435980552,0.646677471636953,0.5486223662884927,0.0,0.35534846029173417,0.39262560777957856,0.5068881685575365,0.15113452188006482,0.14384116693679094,0.15478119935170176,0.19732576985413286,0.11912479740680715,0.1349270664505673,0.6564019448946515,0.6645056726094003,0.7082658022690438,0.3610210696920584,0.6175040518638574,0.4258508914100486,0.30794165316045385,0.38654781199351707,0.5182333873581848,0.4209886547811994,0.15032414910858993,0.3488654781199352,0.5810372771474879,0.570097244732577,0.600486223662885,0.5846839546191248,0.6462722852512155,0.39991896272285254,0.6819286871961102,0.7058346839546191,0.6936790923824959,0.3282009724473258,0.5004051863857375,0.2811993517017828,0.6985413290113451,0.7054294975688817,0.7256888168557536,0.719611021069692,0.20421393841166935,0.359805510534846,0.5514586709886549,0.5603727714748785,0.40640194489465153,0.3905996758508914,0.5060777957860616,0.3646677471636953,0.4505672609400324
BertLloydsBoyhoodAStoryfromNovaScotia,0.6098055105348461,0.5749594813614263,0.5474068071312803,0.35534846029173417,0.0,0.2921393841166937,0.33225283630470015,0.3675040518638574,0.3662884927066451,0.3792544570502431,0.3594003241491086,0.35737439222042144,0.3606158833063209,0.5846839546191248,0.5935980551053485,0.6401944894651539,0.3427876823338736,0.4947325769854133,0.31482982171799023,0.37398703403565636,0.24270664505672612,0.44246353322528365,0.25283630470016205,0.3662884927066451,0.32131280388978933,0.4955429497568882,0.4866288492706645,0.5243111831442464,0.4987844408427877,0.6365478119935171,0.29578606158833065,0.6126418152350082,0.6377633711507293,0.63290113452188,0.346839546191248,0.4623176661264181,0.3346839546191248,0.6183144246353323,0.6138573743922204,0.6231766612641816,0.6252025931928686,0.3954619124797407,0.3415721231766613,0.5486223662884927,0.48460291734197736,0.243517017828201,0.23338735818476497,0.35048622366288495,0.35615883306320906,0.29497568881685576
ClarksField,0.5243111831442464,0.5072933549432739,0.5040518638573743,0.39262560777957856,0.2921393841166937,0.0,0.36345218800648293,0.39262560777957856,0.3970826580226904,0.373581847649919,0.36952998379254454,0.37560777957860614,0.3905996758508914,0.5186385737439222,0.5263371150729336,0.5490275526742301,0.25364667747163694,0.4635332252836305,0.3277957860615883,0.34521880064829824,0.32536466774716366,0.4570502431118314,0.2941653160453809,0.39951377633711505,0.21880064829821722,0.47406807131280393,0.4683954619124797,0.49149108589951374,0.470421393841167,0.6008914100486223,0.3119935170178282,0.5405186385737439,0.5324149108589951,0.5348460291734198,0.3168557536466775,0.4205834683954619,0.3184764991896273,0.5478119935170178,0.5441653160453809,0.5591572123176661,0.5648298217179903,0.4209886547811994,0.27188006482982174,0.5060777957860616,0.38168557536466774,0.3286061588330632,0.29011345218800644,0.3541329011345219,0.22325769854132904,0.346839546191248
DonalblaneofDarien,0.486223662884927,0.4376012965964343,0.43557536466774716,0.5068881685575365,0.33225283630470015,0.36345218800648293,0.0,0.49716369529983795,0.49756888168557534,0.4647487844408428,0.4436790923824959,0.47893030794165314,0.47204213938411665,0.5012155591572123,0.5170178282009725,0.526742301458671,0.3703403565640194,0.3970826580226904,0.29457050243111826,0.45988654781199356,0.3415721231766613,0.4100486223662885,0.2735008103727715,0.4955429497568882,0.3897893030794165,0.440032414910859,0.44246353322528365,0.44732576985413286,0.42382495948136145,0.5036466774716369,0.30713128038897897,0.5141815235008104,0.5056726094003241,0.5514586709886549,0.3914100486223663,0.34400324149108585,0.45461912479740685,0.5133711507293355,0.4939222042139384,0.5048622366288493,0.5145867098865478,0.48014586709886553,0.3910048622366289,0.4457050243111832,0.40478119935170176,0.2860615883306321,0.30875202593192874,0.23581847649918963,0.4149108589951378,0.2686385737439222
FiveLittlePeppersAbroad,0.7054294975688817,0.6442463533225284,0.5798217179902756,0.15113452188006482,0.3675040518638574,0.39262560777957856,0.49716369529983795,0.0,0.1636952998379254,0.13897893030794162,0.17949756888168555,0.14343598055105344,0.13776337115072934,0.669773095623987,0.6778768233387358,0.7025931928687197,0.3662884927066451,0.6021069692058347,0.4339546191247974,0.2929497568881686,0.3768233387358185,0.4991896272285251,0.4136952998379254,0.1713938411669368,0.33833063209076175,0.5393030794165317,0.5388978930307942,0.5534846029173419,0.5470016207455429,0.6636952998379255,0.38087520259319285,0.7009724473257699,0.7042139384116693,0.6977309562398704,0.35089141004862234,0.5081037277147488,0.2613452188006483,0.7167747163695299,0.7289303079416531,0.7346029173419772,0.726904376012966,0.1892220421393841,0.3711507293354943,0.5668557536466774,0.5526742301458671,0.41247974068071314,0.3784440842787682,0.4923014586709886,0.3529173419773096,0.44935170178282013
FiveLittlePeppersGrownUp,0.6888168557536467,0.6138573743922204,0.5194489465153971,0.14384116693679094,0.3662884927066451,0.3970826580226904,0.49756888168557534,0.1636952998379254,0.0,0.15721231766612642,0.2135332252836305,0.1653160453808752,0.15518638573743926,0.6523500810372771,0.6600486223662885,0.7050243111831442,0.36993517017828204,0.6122366288492707,0.4080226904376013,0.3119935170178282,0.40680713128038903,0.5170178282009725,0.4157212317666127,0.19651539708265797,0.34521880064829824,0.5660453808752026,0.5587520259319287,0.580226904376013,0.563614262560778,0.6410048622366289,0.3666936790923825,0.6701782820097244,0.6957050243111831,0.6876012965964344,0.3354943273905997,0.48541329011345213,0.279578606158833,0.6940842787682333,0.6961102106969206,0.7139384116693679,0.7054294975688817,0.23662884927066452,0.37479740680713125,0.5615883306320908,0.5526742301458671,0.40437601296596437,0.3914100486223663,0.48500810372771475,0.3585899513776337,0.4327390599675851
FiveLittlePeppersMidway,0.6867909238249594,0.619935170178282,0.5465964343598055,0.15478119935170176,0.3792544570502431,0.373581847649919,0.4647487844408428,0.13897893030794162,0.15721231766612642,0.0,0.19651539708265797,0.15518638573743926,0.1337115072933549,0.6470826580226905,0.659643435980551,0.6819286871961102,0.33225283630470015,0.5931928687196111,0.4258508914100486,0.2941653160453809,0.3824959481361426,0.5024311183144247,0.39951377633711505,0.18476499189627227,0.33833063209076175,0.5401134521880064,0.5364667747163696,0.5490275526742301,0.5441653160453809,0.63290113452188,0.35615883306320906,0.6547811993517018,0.6713938411669368,0.6705834683954619,0.3346839546191248,0.46636952998379255,0.27147487844408424,0.6839546191247974,0.6952998379254457,0.7147487844408428,0.7025931928687197,0.21150729335494323,0.34359805510534847,0.5214748784440844,0.5372771474878444,0.39303079416531606,0.3666936790923825,0.47771474878444087,0.330226904376013,0.43517017828200977
FiveLittlePeppersandHowTheyGrew,0.6782820097244733,0.6045380875202593,0.5384927066450567,0.19732576985413286,0.3594003241491086,0.36952998379254454,0.4436790923824959,0.17949756888168555,0.2135332252836305,0.19651539708265797,0.0,0.1896272285251216,0.20461912479740685,0.6620745542949757,0.6754457050243112,0.6888168557536467,0.3545380875202593,0.5692868719611022,0.3950567260940032,0.33225283630470015,0.3768233387358185,0.5056726094003241,0.3772285251215559,0.18354943273906,0.3549432739059968,0.5291734197730956,0.5170178282009725,0.5445705024311183,0.5356564019448946,0.626418152350081,0.34967585089141007,0.6957050243111831,0.692868719611021,0.6807131280388978,0.3484602917341977,0.4882495948136143,0.3119935170178282,0.7046191247974067,0.7029983792544571,0.7135332252836304,0.7050243111831442,0.19813614262560775,0.359805510534846,0.5316045380875203,0.5672609400324149,0.38857374392220423,0.3675040518638574,0.45340356564019446,0.3419773095623987,0.4396272285251216
FiveLittlePeppersandtheirFriends,0.6839546191247974,0.6175040518638574,0.5429497568881685,0.11912479740680715,0.35737439222042144,0.37560777957860614,0.47893030794165314,0.14343598055105344,0.1653160453808752,0.15518638573743926,0.1896272285251216,0.0,0.13938411669367912,0.6357374392220421,0.6442463533225284,0.6859805510534847,0.3423824959481362,0.5846839546191248,0.41085899513776336,0.31442463533225284,0.36183144246353327,0.5012155591572123,0.4019448946515397,0.15680713128038903,0.3363047001620746,0.5437601296596435,0.5376823338735819,0.557131280388979,0.546191247974068,0.6418152350081037,0.3650729335494327,0.6657212317666126,0.6847649918962723,0.6758508914100486,0.33792544570502436,0.48541329011345213,0.2755267423014587,0.6681523500810373,0.6742301458670988,0.6920583468395463,0.6912479740680713,0.21069692058346845,0.34602917341977313,0.539708265802269,0.5376823338735819,0.3837115072933549,0.3780388978930308,0.47406807131280393,0.35048622366288495,0.4254457050243112
FiveLittlePeppersatSchool,0.6969205834683955,0.6296596434359806,0.5526742301458671,0.1349270664505673,0.3606158833063209,0.3905996758508914,0.47204213938411665,0.13776337115072934,0.15518638573743926,0.1337115072933549,0.20461912479740685,0.13938411669367912,0.0,0.6523500810372771,0.6701782820097244,0.6989465153970826,0.35008103727714746,0.5988654781199352,0.41815235008103724,0.31482982171799023,0.38735818476499184,0.5101296596434359,0.40437601296596437,0.18679092382495943,0.3484602917341977,0.557131280388979,0.5490275526742301,0.5810372771474879,0.5457860615883307,0.6515397082658023,0.36223662884927066,0.6742301458670988,0.6908427876823339,0.6871961102106969,0.34359805510534847,0.5089141004862237,0.2848460291734197,0.6940842787682333,0.6989465153970826,0.7078606158833063,0.7001620745542949,0.2382495948136143,0.3772285251215559,0.5579416531604537,0.5490275526742301,0.39789303079416527,0.390194489465154,0.4943273905996759,0.36385737439222043,0.42868719611021067
HegelsLecturesontheHistoryofPhilosophyVolume1of3,0.2913290113452188,0.4250405186385737,0.4805510534846029,0.6564019448946515,0.5846839546191248,0.5186385737439222,0.5012155591572123,0.669773095623987,0.6523500810372771,0.6470826580226905,0.6620745542949757,0.6357374392220421,0.6523500810372771,0.0,0.10818476499189622,0.2572933549432739,0.5482171799027553,0.44246353322528365,0.5692868719611022,0.6081847649918963,0.5563209076175041,0.526742301458671,0.5567260940032415,0.6717990275526742,0.5324149108589951,0.48419773095623986,0.49756888168557534,0.49594813614262556,0.45461912479740685,0.4651539708265803,0.5559157212317667,0.13938411669367912,0.22690437601296598,0.20340356564019446,0.5623987034035656,0.530388978930308,0.6183144246353323,0.22933549432739064,0.2508103727714749,0.25243111831442466,0.25202593192868716,0.6592382495948137,0.5591572123176661,0.48460291734197736,0.4157212317666127,0.573743922204214,0.5846839546191248,0.5413290113452188,0.5283630470016207,0.5239059967585089
HegelsLecturesontheHistoryofPhilosophyVolume2of3,0.3047001620745543,0.4376012965964343,0.49108589951377635,0.6645056726094003,0.5935980551053485,0.5263371150729336,0.5170178282009725,0.6778768233387358,0.6600486223662885,0.659643435980551,0.6754457050243112,0.6442463533225284,0.6701782820097244,0.10818476499189622,0.0,0.22690437601296598,0.5761750405186385,0.4388168557536467,0.5749594813614263,0.6252025931928686,0.5583468395461912,0.5470016207455429,0.5587520259319287,0.6847649918962723,0.5332252836304701,0.5222852512155591,0.5368719611021069,0.5251215559157212,0.49797406807131284,0.47852512155591576,0.5502431118314425,0.11385737439222043,0.20907617504051867,0.19205834683954615,0.5721231766612642,0.5291734197730956,0.6256077795786061,0.22852512155591576,0.24027552674230146,0.23419773095623986,0.24554294975688817,0.6811183144246353,0.5733387358184765,0.4943273905996759,0.42382495948136145,0.5818476499189627,0.5952188006482982,0.5336304700162074,0.5364667747163696,0.523095623987034
HegelsPhilosophyofMind,0.2799837925445705,0.4161264181523501,0.46758508914100483,0.7082658022690438,0.6401944894651539,0.5490275526742301,0.526742301458671,0.7025931928687197,0.7050243111831442,0.6819286871961102,0.6888168557536467,0.6859805510534847,0.6989465153970826,0.2572933549432739,0.22690437601296598,0.0,0.5563209076175041,0.4270664505672609,0.5773905996758508,0.6085899513776337,0.5798217179902756,0.5271474878444085,0.5810372771474879,0.7111021069692058,0.5441653160453809,0.4995948136142626,0.5133711507293355,0.4688006482982172,0.4764991896272285,0.4193679092382496,0.5891410048622366,0.21555915721231766,0.1957050243111832,0.13857374392220423,0.5846839546191248,0.516612641815235,0.6405996758508914,0.23865478119935168,0.25324149108589955,0.22811993517017826,0.24837925445705022,0.679902755267423,0.5567260940032415,0.456645056726094,0.39829821717990277,0.6021069692058347,0.6098055105348461,0.5101296596434359,0.5506482982171799,0.5522690437601296
HisGreatAdventure,0.5871150729335495,0.5275526742301458,0.4890599675850892,0.3610210696920584,0.3427876823338736,0.25364667747163694,0.3703403565640194,0.3662884927066451,0.36993517017828204,0.33225283630470015,0.3545380875202593,0.3423824959481362,0.35008103727714746,0.5482171799027553,0.5761750405186385,0.5563209076175041,0.0,0.46758508914100483,0.37439222042139386,0.2941653160453809,0.3176661264181524,0.4764991896272285,0.3059157212317666,0.36183144246353327,0.19003241491085898,0.45380875202593196,0.46110210696920584,0.45988654781199356,0.4315235008103727,0.5749594813614263,0.34400324149108585,0.5591572123176661,0.5628038897893031,0.5632090761750406,0.27795786061588335,0.3488654781199352,0.25891410048622365,0.5887358184764993,0.573743922204214,0.5814424635332253,0.5907617504051863,0.3853322528363047,0.19043760129659648,0.5,0.3776337115072933,0.3525121555915721,0.3111831442463533,0.3792544570502431,0.20299837925445707,0.3541329011345219
HistoryofaSixWeeksTourThroughaPartofFranceSwitzerlandGermanyandHollandWithLettersDescriptiveofaSailRoundtheLakeofGenevaandoftheGlaciersofChamouni,0.38857374392220423,0.39465153970826583,0.45502431118314424,0.6175040518638574,0.4947325769854133,0.4635332252836305,0.3970826580226904,0.6021069692058347,0.6122366288492707,0.5931928687196111,0.5692868719611022,0.5846839546191248,0.5988654781199352,0.44246353322528365,0.4388168557536467,0.4270664505672609,0.46758508914100483,0.0,0.44124797406807126,0.5247163695299838,0.4023500810372771,0.43719611021069693,0.4270664505672609,0.6085899513776337,0.48460291734197736,0.3910048622366289,0.40397082658022687,0.35615883306320906,0.3905996758508914,0.39829821717990277,0.4521880064829822,0.44692058346839547,0.4128849270664505,0.4278768233387358,0.5190437601296596,0.40680713128038903,0.5251215559157212,0.4339546191247974,0.4165316045380876,0.40559157212317665,0.4189627228525121,0.5850891410048622,0.4574554294975689,0.4274716369529984,0.3537277147487844,0.43111831442463533,0.4384116693679092,0.38209076175040524,0.47974068071312803,0.4096434359805511
InPathsofPerilABoysAdventuresinNovaScotia,0.5247163695299838,0.45340356564019446,0.42909238249594817,0.4258508914100486,0.31482982171799023,0.3277957860615883,0.29457050243111826,0.4339546191247974,0.4080226904376013,0.4258508914100486,0.3950567260940032,0.41085899513776336,0.41815235008103724,0.5692868719611022,0.5749594813614263,0.5773905996758508,0.37439222042139386,0.44124797406807126,0.0,0.39222042139384117,0.3407617504051864,0.37560777957860614,0.2633711507293355,0.45542949756888174,0.36993517017828204,0.4570502431118314,0.4396272285251216,0.4647487844408428,0.4651539708265803,0.5056726094003241,0.286871961102107,0.573743922204214,0.5559157212317667,0.6021069692058347,0.3525121555915721,0.3841166936790924,0.4315235008103727,0.5555105348460292,0.5478119935170178,0.5640194489465153,0.5672609400324149,0.4282820097244733,0.3646677471636953,0.4380064829821718,0.44732576985413286,0.2921393841166937,0.30915721231766613,0.29578606158833065,0.3654781199351702,0.27714748784440846
LiteraryLoveLettersandOtherStories,0.6122366288492707,0.583063209076175,0.4951377633711507,0.30794165316045385,0.37398703403565636,0.34521880064829824,0.45988654781199356,0.2929497568881686,0.3119935170178282,0.2941653160453809,0.33225283630470015,0.31442463533225284,0.31482982171799023,0.6081847649918963,0.6252025931928686,0.6085899513776337,0.2941653160453809,0.5247163695299838,0.39222042139384117,0.0,0.36709886547812,0.45421393841166935,0.38695299837925445,0.336709886547812,0.27228525121555913,0.4951377633711507,0.4866288492706645,0.5024311183144247,0.5170178282009725,0.6029173419773095,0.3889789303079416,0.6256077795786061,0.6110210696920584,0.6207455429497568,0.2743111831442464,0.40072933549432743,0.22893030794165314,0.6357374392220421,0.6422204213938412,0.6385737439222042,0.6381685575364668,0.3646677471636953,0.27106969205834686,0.5510534846029174,0.4809562398703403,0.3707455429497569,0.3358995137763371,0.45461912479740685,0.2755267423014587,0.43071312803889794
MyStrangeRescueandOtherStoriesofSportandAdventureinCanada,0.5891410048622366,0.5449756888168558,0.5482171799027553,0.38654781199351707,0.24270664505672612,0.32536466774716366,0.3415721231766613,0.3768233387358185,0.40680713128038903,0.3824959481361426,0.3768233387358185,0.36183144246353327,0.38735818476499184,0.5563209076175041,0.5583468395461912,0.5798217179902756,0.3176661264181524,0.4023500810372771,0.3407617504051864,0.36709886547812,0.0,0.47811993517017826,0.2633711507293355,0.3788492706645057,0.3221231766612642,0.43679092382495943,0.4452998379254457,0.4448946515397083,0.43719611021069693,0.5850891410048622,0.2925445705024311,0.5761750405186385,0.5883306320907618,0.5741491085899514,0.38209076175040524,0.39222042139384117,0.3423824959481362,0.5640194489465153,0.5563209076175041,0.5680713128038898,0.5794165316045381,0.3893841166936791,0.2990275526742301,0.5117504051863857,0.41247974068071314,0.27876823338735823,0.24189627228525123,0.31645056726094,0.3107779578606159,0.28444084278768234
PeterBelltheThird,0.4635332252836305,0.38776337115072934,0.35737439222042144,0.5182333873581848,0.44246353322528365,0.4570502431118314,0.4100486223662885,0.4991896272285251,0.5170178282009725,0.5024311183144247,0.5056726094003241,0.5012155591572123,0.5101296596434359,0.526742301458671,0.5470016207455429,0.5271474878444085,0.4764991896272285,0.43719611021069693,0.37560777957860614,0.45421393841166935,0.47811993517017826,0.0,0.4258508914100486,0.5194489465153971,0.47204213938411665,0.37479740680713125,0.36142625607779577,0.396677471636953,0.38857374392220423,0.4080226904376013,0.43354943273906,0.5522690437601296,0.523095623987034,0.5567260940032415,0.42423014586709884,0.39991896272285254,0.4943273905996759,0.5320097244732577,0.5316045380875203,0.5251215559157212,0.5425445705024311,0.5153970826580228,0.47163695299837927,0.33792544570502436,0.49189627228525123,0.3954619124797407,0.43719611021069693,0.419773095623987,0.4647487844408428,0.4258508914100486
TerrysTrialsandTriumphs,0.5555105348460292,0.49594813614262556,0.46636952998379255,0.4209886547811994,0.25283630470016205,0.2941653160453809,0.2735008103727715,0.4136952998379254,0.4157212317666127,0.39951377633711505,0.3772285251215559,0.4019448946515397,0.40437601296596437,0.5567260940032415,0.5587520259319287,0.5810372771474879,0.3059157212317666,0.4270664505672609,0.2633711507293355,0.38695299837925445,0.2633711507293355,0.4258508914100486,0.0,0.4088330632090762,0.3038897893030794,0.44124797406807126,0.44246353322528365,0.44894651539708263,0.43030794165316044,0.5441653160453809,0.2929497568881686,0.5607779578606159,0.5583468395461912,0.5863047001620745,0.3480551053484603,0.40559157212317665,0.3788492706645057,0.5696920583468396,0.5567260940032415,0.5648298217179903,0.5656401944894651,0.4205834683954619,0.3168557536466775,0.4627228525121556,0.44813614262560775,0.27228525121555913,0.24837925445705022,0.30794165316045385,0.31482982171799023,0.2609400324149108
TheAdventuresofJoelPepper,0.6973257698541329,0.6393841166936791,0.5368719611021069,0.15032414910858993,0.3662884927066451,0.39951377633711505,0.4955429497568882,0.1713938411669368,0.19651539708265797,0.18476499189627227,0.18354943273906,0.15680713128038903,0.18679092382495943,0.6717990275526742,0.6847649918962723,0.7111021069692058,0.36183144246353327,0.6085899513776337,0.45542949756888174,0.336709886547812,0.3788492706645057,0.5194489465153971,0.4088330632090762,0.0,0.35534846029173417,0.5530794165316045,0.5465964343598055,0.5611831442463533,0.5628038897893031,0.6450567260940032,0.40680713128038903,0.7111021069692058,0.7163695299837926,0.7062398703403565,0.3472447325769854,0.48581847649918963,0.27674230145867096,0.7005672609400324,0.7034035656401945,0.7208265802269044,0.7082658022690438,0.1770664505672609,0.3403565640194489,0.5506482982171799,0.5603727714748785,0.390194489465154,0.37439222042139386,0.4931118314424635,0.35210696920583473,0.44935170178282013
TheCommonLot,0.5603727714748785,0.5352512155591572,0.4886547811993517,0.3488654781199352,0.32131280388978933,0.21880064829821722,0.3897893030794165,0.33833063209076175,0.34521880064829824,0.33833063209076175,0.3549432739059968,0.3363047001620746,0.3484602917341977,0.5324149108589951,0.5332252836304701,0.5441653160453809,0.19003241491085898,0.48460291734197736,0.36993517017828204,0.27228525121555913,0.3221231766612642,0.47204213938411665,0.3038897893030794,0.35534846029173417,0.0,0.4615072933549432,0.4627228525121556,0.4692058346839546,0.4647487844408428,0.600486223662885,0.3464343598055105,0.539708265802269,0.5470016207455429,0.5551053484602917,0.2374392220421394,0.3399513776337115,0.23460291734197736,0.5668557536466774,0.5587520259319287,0.5628038897893031,0.5733387358184765,0.373581847649919,0.16653160453808757,0.4987844408427877,0.3703403565640194,0.3346839546191248,0.2856564019448946,0.3837115072933549,0.18030794165316044,0.3334683954619124
TheCompletePoeticalWorksofPercyByssheShelley—Complete,0.42341977309562395,0.4278768233387358,0.5401134521880064,0.5810372771474879,0.4955429497568882,0.47406807131280393,0.440032414910859,0.5393030794165317,0.5660453808752026,0.5401134521880064,0.5291734197730956,0.5437601296596435,0.557131280388979,0.48419773095623986,0.5222852512155591,0.4995948136142626,0.45380875202593196,0.3910048622366289,0.4570502431118314,0.4951377633711507,0.43679092382495943,0.37479740680713125,0.44124797406807126,0.5530794165316045,0.4615072933549432,0.0,0.06158833063209079,0.12115072933549431,0.1219611021069692,0.4092382495948136,0.4647487844408428,0.5186385737439222,0.5182333873581848,0.5243111831442464,0.5348460291734198,0.43557536466774716,0.4874392220421394,0.5194489465153971,0.5081037277147488,0.5004051863857375,0.5133711507293355,0.5393030794165317,0.46717990275526744,0.3833063209076175,0.4161264181523501,0.4866288492706645,0.47811993517017826,0.4809562398703403,0.41774716369529985,0.49068071312803885
TheCompletePoeticalWorksofPercyByssheShelley—Volume1,0.4254457050243112,0.440032414910859,0.5409238249594814,0.570097244732577,0.4866288492706645,0.4683954619124797,0.44246353322528365,0.5388978930307942,0.5587520259319287,0.5364667747163696,0.5170178282009725,0.5376823338735819,0.5490275526742301,0.49756888168557534,0.5368719611021069,0.5133711507293355,0.46110210696920584,0.40397082658022687,0.4396272285251216,0.4866288492706645,0.4452998379254457,0.36142625607779577,0.44246353322528365,0.5465964343598055,0.4627228525121556,0.06158833063209079,0.0,0.1580226904376013,0.17463533225283634,0.4153160453808752,0.4619124797406807,0.5368719611021069,0.5393030794165317,0.543354943273906,0.5316045380875203,0.44651539708265797,0.48419773095623986,0.5222852512155591,0.5068881685575365,0.5024311183144247,0.516612641815235,0.5307941653160454,0.47325769854132904,0.3727714748784441,0.4339546191247974,0.4813614262560778,0.48014586709886553,0.47933549432739064,0.41085899513776336,0.49594813614262556
TheCompletePoeticalWorksofPercyByssheShelley—Volume2,0.4161264181523501,0.42341977309562395,0.5068881685575365,0.600486223662885,0.5243111831442464,0.49149108589951374,0.44732576985413286,0.5534846029173419,0.580226904376013,0.5490275526742301,0.5445705024311183,0.557131280388979,0.5810372771474879,0.49594813614262556,0.5251215559157212,0.4688006482982172,0.45988654781199356,0.35615883306320906,0.4647487844408428,0.5024311183144247,0.4448946515397083,0.396677471636953,0.44894651539708263,0.5611831442463533,0.4692058346839546,0.12115072933549431,0.1580226904376013,0.0,0.18395461912479738,0.37601296596434364,0.4947325769854133,0.530388978930308,0.5036466774716369,0.5072933549432739,0.5364667747163696,0.40032414910858993,0.5,0.5153970826580228,0.49189627228525123,0.49108589951377635,0.5012155591572123,0.5320097244732577,0.46029173419773095,0.36790923824959476,0.3910048622366289,0.4882495948136143,0.47852512155591576,0.45542949756888174,0.43598055105348466,0.48500810372771475
TheCompletePoeticalWorksofPercyByssheShelley—Volume3,0.4072123176661264,0.38776337115072934,0.49716369529983795,0.5846839546191248,0.4987844408427877,0.470421393841167,0.42382495948136145,0.5470016207455429,0.563614262560778,0.5441653160453809,0.5356564019448946,0.546191247974068,0.5457860615883307,0.45461912479740685,0.49797406807131284,0.4764991896272285,0.4315235008103727,0.3905996758508914,0.4651539708265803,0.5170178282009725,0.43719611021069693,0.38857374392220423,0.43030794165316044,0.5628038897893031,0.4647487844408428,0.1219611021069692,0.17463533225283634,0.18395461912479738,0.0,0.3780388978930308,0.4623176661264181,0.4931118314424635,0.4866288492706645,0.49594813614262556,0.5316045380875203,0.4282820097244733,0.4923014586709886,0.4943273905996759,0.4878444084278768,0.4744732576985413,0.4821717990275527,0.5547001620745543,0.4578606158833063,0.3914100486223663,0.40072933549432743,0.4951377633711507,0.48338735818476497,0.47366288492706643,0.4270664505672609,0.47811993517017826
TheDaemonoftheWorld,0.39789303079416527,0.29011345218800644,0.3399513776337115,0.6462722852512155,0.6365478119935171,0.6008914100486223,0.5036466774716369,0.6636952998379255,0.6410048622366289,0.63290113452188,0.626418152350081,0.6418152350081037,0.6515397082658023,0.4651539708265803,0.47852512155591576,0.4193679092382496,0.5749594813614263,0.39829821717990277,0.5056726094003241,0.6029173419773095,0.5850891410048622,0.4080226904376013,0.5441653160453809,0.6450567260940032,0.600486223662885,0.4092382495948136,0.4153160453808752,0.37601296596434364,0.3780388978930308,0.0,0.5786061588330632,0.4760940032414911,0.4165316045380876,0.44935170178282013,0.5490275526742301,0.3950567260940032,0.6410048622366289,0.4376012965964343,0.43030794165316044,0.4136952998379254,0.43476499189627227,0.6094003241491086,0.5595623987034035,0.2560777957860616,0.46758508914100483,0.5753646677471638,0.5603727714748785,0.4760940032414911,0.5733387358184765,0.5854943273905997
TheFamilyonWheels,0.5482171799027553,0.49797406807131284,0.48581847649918963,0.39991896272285254,0.29578606158833065,0.3119935170178282,0.30713128038897897,0.38087520259319285,0.3666936790923825,0.35615883306320906,0.34967585089141007,0.3650729335494327,0.36223662884927066,0.5559157212317667,0.5502431118314425,0.5891410048622366,0.34400324149108585,0.4521880064829822,0.286871961102107,0.3889789303079416,0.2925445705024311,0.43354943273906,0.2929497568881686,0.40680713128038903,0.3464343598055105,0.4647487844408428,0.4619124797406807,0.4947325769854133,0.4623176661264181,0.5786061588330632,0.0,0.5587520259319287,0.5587520259319287,0.5923824959481361,0.38087520259319285,0.4274716369529984,0.3488654781199352,0.5660453808752026,0.570097244732577,0.5753646677471638,0.5822528363047001,0.38654781199351707,0.36345218800648293,0.5012155591572123,0.4570502431118314,0.31928687196110206,0.32050243111831445,0.3334683954619124,0.3350891410048622,0.2880875202593193
TheHistoryofPhilosophyVolumeThreeof3,0.2970016207455429,0.44205834683954615,0.4708265802269044,0.6819286871961102,0.6126418152350082,0.5405186385737439,0.5141815235008104,0.7009724473257699,0.6701782820097244,0.6547811993517018,0.6957050243111831,0.6657212317666126,0.6742301458670988,0.13938411669367912,0.11385737439222043,0.21555915721231766,0.5591572123176661,0.44692058346839547,0.573743922204214,0.6256077795786061,0.5761750405186385,0.5522690437601296,0.5607779578606159,0.7111021069692058,0.539708265802269,0.5186385737439222,0.5368719611021069,0.530388978930308,0.4931118314424635,0.4760940032414911,0.5587520259319287,0.0,0.18719611021069693,0.16693679092382496,0.5644246353322528,0.5190437601296596,0.643030794165316,0.2200162074554295,0.24230145867098862,0.23379254457050247,0.24473257698541329,0.7017828200972447,0.576580226904376,0.5016207455429498,0.43638573743922204,0.5935980551053485,0.6081847649918963,0.5344408427876823,0.5441653160453809,0.5243111831442464
TheIntroductiontoHegelsPhilosophyofFineArtsTranslatedfromtheGermanwithNotesandPrefatoryEssay,0.24837925445705022,0.38290113452188,0.46069692058346845,0.7058346839546191,0.6377633711507293,0.5324149108589951,0.5056726094003241,0.7042139384116693,0.6957050243111831,0.6713938411669368,0.692868719611021,0.6847649918962723,0.6908427876823339,0.22690437601296598,0.20907617504051867,0.1957050243111832,0.5628038897893031,0.4128849270664505,0.5559157212317667,0.6110210696920584,0.5883306320907618,0.523095623987034,0.5583468395461912,0.7163695299837926,0.5470016207455429,0.5182333873581848,0.5393030794165317,0.5036466774716369,0.4866288492706645,0.4165316045380876,0.5587520259319287,0.18719611021069693,0.0,0.1888168557536467,0.557131280388979,0.4923014586709886,0.6333063209076175,0.19003241491085898,0.22852512155591576,0.2009724473257699,0.21029173419773095,0.6989465153970826,0.5656401944894651,0.4627228525121556,0.38290113452188,0.5935980551053485,0.5927876823338736,0.49756888168557534,0.5587520259319287,0.5283630470016207
TheLogicofHegel,0.2751215559157212,0.42463533225283634,0.4923014586709886,0.6936790923824959,0.63290113452188,0.5348460291734198,0.5514586709886549,0.6977309562398704,0.6876012965964344,0.6705834683954619,0.6807131280388978,0.6758508914100486,0.6871961102106969,0.20340356564019446,0.19205834683954615,0.13857374392220423,0.5632090761750406,0.4278768233387358,0.6021069692058347,0.6207455429497568,0.5741491085899514,0.5567260940032415,0.5863047001620745,0.7062398703403565,0.5551053484602917,0.5243111831442464,0.543354943273906,0.5072933549432739,0.49594813614262556,0.44935170178282013,0.5923824959481361,0.16693679092382496,0.1888168557536467,0.0,0.5842787682333874,0.5352512155591572,0.6401944894651539,0.22447325769854132,0.25405186385737444,0.2370340356564019,0.24108589951377635,0.6750405186385737,0.5717179902755267,0.48581847649918963,0.4088330632090762,0.6158833063209076,0.6142625607779579,0.5498379254457051,0.5526742301458671,0.5575364667747164
TheManWhoWins,0.563614262560778,0.4931118314424635,0.3974878444084279,0.3282009724473258,0.346839546191248,0.3168557536466775,0.3914100486223663,0.35089141004862234,0.3354943273905997,0.3346839546191248,0.3484602917341977,0.33792544570502436,0.34359805510534847,0.5623987034035656,0.5721231766612642,0.5846839546191248,0.27795786061588335,0.5190437601296596,0.3525121555915721,0.2743111831442464,0.38209076175040524,0.42423014586709884,0.3480551053484603,0.3472447325769854,0.2374392220421394,0.5348460291734198,0.5316045380875203,0.5364667747163696,0.5316045380875203,0.5490275526742301,0.38087520259319285,0.5644246353322528,0.557131280388979,0.5842787682333874,0.0,0.336709886547812,0.2974068071312804,0.5944084278768234,0.6029173419773095,0.5879254457050243,0.6081847649918963,0.38614262560777957,0.23419773095623986,0.4497568881685575,0.43598055105348466,0.339546191247974,0.30267423014586714,0.38006482982171796,0.29578606158833065,0.4027552674230146
TheMasteroftheInn,0.4870340356564019,0.41774716369529985,0.33184764991896276,0.5004051863857375,0.4623176661264181,0.4205834683954619,0.34400324149108585,0.5081037277147488,0.48541329011345213,0.46636952998379255,0.4882495948136143,0.48541329011345213,0.5089141004862237,0.530388978930308,0.5291734197730956,0.516612641815235,0.3488654781199352,0.40680713128038903,0.3841166936790924,0.40072933549432743,0.39222042139384117,0.39991896272285254,0.40559157212317665,0.48581847649918963,0.3399513776337115,0.43557536466774716,0.44651539708265797,0.40032414910858993,0.4282820097244733,0.3950567260940032,0.4274716369529984,0.5190437601296596,0.4923014586709886,0.5352512155591572,0.336709886547812,0.0,0.4100486223662885,0.5214748784440844,0.48581847649918963,0.5004051863857375,0.5206645056726094,0.4590761750405187,0.32009724473257695,0.3849270664505673,0.36345218800648293,0.3675040518638574,0.3650729335494327,0.3103727714748784,0.34319286871961097,0.39384116693679094
TheMemoirsofanAmericanCitizen,0.6320907617504052,0.580226904376013,0.5186385737439222,0.2811993517017828,0.3346839546191248,0.3184764991896273,0.45461912479740685,0.2613452188006483,0.279578606158833,0.27147487844408424,0.3119935170178282,0.2755267423014587,0.2848460291734197,0.6183144246353323,0.6256077795786061,0.6405996758508914,0.25891410048622365,0.5251215559157212,0.4315235008103727,0.22893030794165314,0.3423824959481362,0.4943273905996759,0.3788492706645057,0.27674230145867096,0.23460291734197736,0.4874392220421394,0.48419773095623986,0.5,0.4923014586709886,0.6410048622366289,0.3488654781199352,0.643030794165316,0.6333063209076175,0.6401944894651539,0.2974068071312804,0.4100486223662885,0.0,0.6450567260940032,0.6515397082658023,0.6405996758508914,0.649513776337115,0.3123987034035657,0.2739059967585089,0.5676661264181524,0.43354943273906,0.3727714748784441,0.3371150729335495,0.4615072933549432,0.2508103727714749,0.3962722852512156
ThePhilosophyofFineArtvolume1of4HegelsAesthetik,0.2556726094003241,0.3707455429497569,0.44854132901134525,0.6985413290113451,0.6183144246353323,0.5478119935170178,0.5133711507293355,0.7167747163695299,0.6940842787682333,0.6839546191247974,0.7046191247974067,0.6681523500810373,0.6940842787682333,0.22933549432739064,0.22852512155591576,0.23865478119935168,0.5887358184764993,0.4339546191247974,0.5555105348460292,0.6357374392220421,0.5640194489465153,0.5320097244732577,0.5696920583468396,0.7005672609400324,0.5668557536466774,0.5194489465153971,0.5222852512155591,0.5153970826580228,0.4943273905996759,0.4376012965964343,0.5660453808752026,0.2200162074554295,0.19003241491085898,0.22447325769854132,0.5944084278768234,0.5214748784440844,0.6450567260940032,0.0,0.11993517017828204,0.12115072933549431,0.11183144246353327,0.690032414910859,0.5883306320907618,0.4696110210696921,0.3837115072933549,0.5956239870340356,0.6029173419773095,0.5255267423014587,0.5745542949756888,0.5158022690437601
ThePhilosophyofFineArtvolume2of4HegelsAesthetik,0.2848460291734197,0.3788492706645057,0.44165316045380876,0.7054294975688817,0.6138573743922204,0.5441653160453809,0.4939222042139384,0.7289303079416531,0.6961102106969206,0.6952998379254457,0.7029983792544571,0.6742301458670988,0.6989465153970826,0.2508103727714749,0.24027552674230146,0.25324149108589955,0.573743922204214,0.4165316045380876,0.5478119935170178,0.6422204213938412,0.5563209076175041,0.5316045380875203,0.5567260940032415,0.7034035656401945,0.5587520259319287,0.5081037277147488,0.5068881685575365,0.49189627228525123,0.4878444084278768,0.43030794165316044,0.570097244732577,0.24230145867098862,0.22852512155591576,0.25405186385737444,0.6029173419773095,0.48581847649918963,0.6515397082658023,0.11993517017828204,0.0,0.10291734197730962,0.12074554294975692,0.6871961102106969,0.573743922204214,0.45542949756888174,0.36385737439222043,0.576580226904376,0.5899513776337115,0.5060777957860616,0.5794165316045381,0.5198541329011346
