,ADefenceofPoetryandOtherEssays,AVindicationofNaturalDiet,BalladoftheLostHare,BenPepper,BertLloydsBoyhoodAStoryfromNovaScotia,ClarksField,DonalblaneofDarien,FiveLittlePeppersAbroad,FiveLittlePeppersGrownUp,FiveLittlePeppersMidway,FiveLittlePeppersandHowTheyGrew,FiveLittlePeppersandtheirFriends,FiveLittlePeppersatSchool,HegelsLecturesontheHistoryofPhilosophyVolume1of3,HegelsLecturesontheHistoryofPhilosophyVolume2of3,HegelsPhilosophyofMind,HisGreatAdventure,HistoryofaSixWeeksTourThroughaPartofFranceSwitzerlandGermanyandHollandWithLettersDescriptiveofaSailRoundtheLakeofGenevaandoftheGlaciersofChamouni,InPathsofPerilABoysAdventuresinNovaScotia,LiteraryLoveLettersandOtherStories,MyStrangeRescueandOtherStoriesofSportandAdventureinCanada,PeterBelltheThird,TerrysTrialsandTriumphs,TheAdventuresofJoelPepper,TheCommonLot,TheCompletePoeticalWorksofPercyByssheShelley—Complete,TheCompletePoeticalWorksofPercyByssheShelley—Volume1,TheCompletePoeticalWorksofPercyByssheShelley—Volume2,TheCompletePoeticalWorksofPercyByssheShelley—Volume3,TheDaemonoftheWorld,TheFamilyonWheels,TheHistoryofPhilosophyVolumeThreeof3,TheIntroductiontoHegelsPhilosophyofFineArtsTranslatedfromtheGermanwithNotesandPrefatoryEssay,TheLogicofHegel,TheManWhoWins,TheMasteroftheInn,TheMemoirsofanAmericanCitizen,ThePhilosophyofFineArtvolume1of4HegelsAesthetik,ThePhilosophyofFineArtvolume2of4HegelsAesthetik,ThePhilosophyofFineArtvolume3of4HegelsAesthetik,ThePhilosophyofFineArtvolume4of4HegelsAesthetik,TheStoriesPollyPepperToldtotheFiveLittlePeppersintheLittleBrownHouse,TheWebofLife,TheWitchofAtlas,TheWorldDecision,TheWreckersofSableIsland,TheYoungWoodsmanOrLifeintheForestsofCanada,TiTiPuABoyofRedRiver,Together,WithRogersontheFrontierAStoryof1756
ADefenceofPoetryandOtherEssays,0.0,0.3060813532017721,0.4204591220298026,0.7080144985904149,0.6121627064035441,0.5291985501409585,0.48932742650020133,0.6947241240434958,0.6790173177607732,0.6822392267418446,0.661699556987515,0.6778091018928716,0.6778091018928716,0.2931937172774869,0.30406766008860253,0.2734595247684253,0.5791381393475634,0.38662907772855415,0.522351993556182,0.6198147402335884,0.5871929118002417,0.44784534836890855,0.5481272654047523,0.6959323399113975,0.5694724124043495,0.42126459927507043,0.4216673378977044,0.41683447442609745,0.4051550543697141,0.3938783729359645,0.5533628674989932,0.3036649214659686,0.24969794603302453,0.2782923882400322,0.5670559806685461,0.48046717680225537,0.630688683044704,0.25372533225936367,0.27990334273056783,0.261377366089408,0.2662102295610149,0.6548530004027386,0.5835682641965365,0.40233588401127673,0.3817962142569472,0.5553765606121628,0.5851792186870721,0.4881192106322997,0.5662505034232783,0.5082561417639951
AVindicationofNaturalDiet,0.3060813532017721,0.0,0.3076923076923077,0.6540475231574707,0.5871929118002417,0.5114780507450665,0.4381796214256948,0.6459927507047926,0.6206202174788562,0.6286749899315345,0.6012887635924284,0.6242448650825614,0.6327023761578736,0.4265002013693113,0.43334675795408784,0.4103906564639549,0.513491743858236,0.38058799838904556,0.4514699959726137,0.5847764800644382,0.5384615384615384,0.3636729762384213,0.4897301651228353,0.6520338300443013,0.5465163109142166,0.4120016109544905,0.4248892468787757,0.4120016109544905,0.378574305275876,0.27990334273056783,0.5070479258960934,0.445831655255739,0.38139347563431336,0.4256947241240435,0.49536850583971004,0.4075714861055175,0.5896093435360451,0.37615787354007246,0.3777688280306082,0.3596455900120822,0.3576318968989126,0.6028997180829642,0.5267821184051551,0.29601288763592426,0.3862263391059203,0.5114780507450665,0.5038260169150222,0.4240837696335078,0.5267821184051551,0.5062424486508257
BalladoftheLostHare,0.4204591220298026,0.3076923076923077,0.0,0.5577929923479661,0.5771244462343939,0.5118807893677004,0.44703987112364074,0.5823600483286346,0.5324204591220298,0.5557792992347966,0.5283930728956907,0.5533628674989932,0.5557792992347966,0.4869109947643979,0.49254933548127267,0.463954893274265,0.4861055175191301,0.4474426097462747,0.4389850986709626,0.5086588803866291,0.5469190495368506,0.356020942408377,0.47724526782118404,0.5549738219895288,0.5146999597261377,0.536447845348369,0.5424889246878776,0.5018123238018526,0.500201369311317,0.3346757954087797,0.4993958920660492,0.477648006443818,0.45308095046314945,0.49013290374546914,0.40998791784132094,0.33910592025775277,0.5275875956504229,0.44623439387837294,0.4353604510672574,0.4277084172372131,0.4361659283125252,0.5066451872734595,0.46153846153846156,0.3403141361256544,0.4438179621425695,0.4981876761981474,0.4941602899718083,0.4156262585581957,0.5078534031413613,0.4897301651228353
BenPepper,0.7080144985904149,0.6540475231574707,0.5577929923479661,0.0,0.35118807893677007,0.3846153846153846,0.5122835279903343,0.1518324607329843,0.14256947241240436,0.1594844945630286,0.2283527990334273,0.11759967780910185,0.1429722110350382,0.6500201369311317,0.6657269432138542,0.7035843737414418,0.3777688280306082,0.6182037857430527,0.4269029399919452,0.2964156262585582,0.3757551349174386,0.5199355618203786,0.4148207813129279,0.13934756343133303,0.34273056786145795,0.576318968989126,0.5610149013290375,0.5936367297623841,0.581554571083367,0.639146194120016,0.3870318163511881,0.6733789770438985,0.698348771647201,0.6850583971002819,0.3302456705598067,0.4989931534434152,0.2811115585984696,0.6931131695529602,0.698751510269835,0.7237213048731373,0.7225130890052356,0.22392267418445433,0.3576318968989126,0.5493354812726541,0.5561820378574305,0.40716874748288356,0.38824003221908976,0.5030205396697544,0.3588401127668144,0.44260974627466776
BertLloydsBoyhoodAStoryfromNovaScotia,0.6121627064035441,0.5871929118002417,0.5771244462343939,0.35118807893677007,0.0,0.29440193314538865,0.3399113975030206,0.36850583971002815,0.36770036246476034,0.37696335078534027,0.36770036246476034,0.3628674989931534,0.36004832863471603,0.5851792186870721,0.5976641159887233,0.63954893274265,0.36528393072895693,0.49778493757551345,0.3213854208618606,0.36608940797422473,0.2464760370519533,0.46596858638743455,0.2561417639951671,0.3664921465968587,0.31614981876761983,0.49697946033024565,0.4889246878775675,0.5283930728956907,0.5042287555376561,0.6459927507047926,0.2887635924285139,0.6105517519130085,0.6343133306484092,0.6318968989126057,0.356020942408377,0.4724124043495771,0.33427305678614583,0.6182037857430527,0.6153846153846154,0.6290777285541683,0.6363270237615788,0.4075714861055175,0.34796616995569873,0.5610149013290375,0.4812726540475232,0.24405960531614979,0.2396294804671768,0.35199355618203787,0.35722915827627866,0.2919855014095851
ClarksField,0.5291985501409585,0.5114780507450665,0.5118807893677004,0.3846153846153846,0.29440193314538865,0.0,0.36770036246476034,0.3862263391059203,0.38421264599275073,0.3717277486910995,0.3656866693515908,0.3672976238421265,0.38219895287958117,0.5159081755940395,0.5300040273862263,0.5533628674989932,0.2670157068062827,0.45831655255739023,0.32380185259766414,0.3399113975030206,0.32460732984293195,0.47200966572694325,0.2895690696737817,0.38824003221908976,0.2267418445428917,0.47724526782118404,0.46677406363270235,0.49335481272654047,0.4691904953685059,0.6020942408376964,0.2984293193717278,0.5380587998389046,0.5328231977446637,0.5424889246878776,0.3213854208618606,0.42891663310511474,0.3181635118807894,0.5505436971405557,0.5465163109142166,0.5650422875553766,0.5718888441401531,0.4140153040676601,0.26661296818364877,0.50463149416029,0.38300443012484897,0.3387031816351188,0.29802658074909383,0.3527990334273057,0.22714458316552555,0.3439387837293596
DonalblaneofDarien,0.48932742650020133,0.4381796214256948,0.44703987112364074,0.5122835279903343,0.3399113975030206,0.36770036246476034,0.0,0.5042287555376561,0.5062424486508257,0.4627466774063632,0.4200563834071688,0.4836890857833266,0.46596858638743455,0.4989931534434152,0.5231574708014499,0.5251711639146195,0.37293596455900124,0.39710028191703584,0.27788964961739826,0.4655658477648007,0.33588401127668144,0.41441804269029403,0.27990334273056783,0.4973821989528796,0.39790575916230364,0.4474426097462747,0.4474426097462747,0.4498590414820781,0.4309303262182843,0.500201369311317,0.3076923076923077,0.5191300845751108,0.5118807893677004,0.5541683447442609,0.3894482480869915,0.34716069271043093,0.46234393878372937,0.521949254933548,0.4993958920660492,0.517921868707209,0.5231574708014499,0.47885622231171965,0.3922674184454289,0.44784534836890855,0.4156262585581957,0.2803060813532018,0.2964156262585582,0.22714458316552555,0.418848167539267,0.25493354812726543
FiveLittlePeppersAbroad,0.6947241240434958,0.6459927507047926,0.5823600483286346,0.1518324607329843,0.36850583971002815,0.3862263391059203,0.5042287555376561,0.0,0.1655255739025373,0.14458316552557393,0.19855014095851797,0.1534434152235199,0.139750302053967,0.6568666935159082,0.6721707611759968,0.6967378171566654,0.38662907772855415,0.6049134111961337,0.43495771244462345,0.2819170358437374,0.37454691904953685,0.5074506645187273,0.4196536447845348,0.17478856222311723,0.3302456705598067,0.536447845348369,0.5287958115183247,0.5513491743858236,0.5428916633105114,0.6588803866290778,0.37454691904953685,0.6870720902134515,0.6943213854208619,0.6866693515908175,0.3483689085783327,0.5094643576318969,0.2585581957309706,0.7064035440998792,0.7180829641562626,0.7265404752315747,0.725332259363673,0.21264599275070484,0.36528393072895693,0.5658477648006444,0.5477245267821185,0.4172372130487314,0.38582360048328634,0.4957712444623439,0.3455497382198953,0.44784534836890855
FiveLittlePeppersGrownUp,0.6790173177607732,0.6206202174788562,0.5324204591220298,0.14256947241240436,0.36770036246476034,0.38421264599275073,0.5062424486508257,0.1655255739025373,0.0,0.1482078131292791,0.23640757148610547,0.1647200966572694,0.16069271043093036,0.6447845348368908,0.6560612162706403,0.7007652033830044,0.3930728956906967,0.6141763995167137,0.40636327023761576,0.2964156262585582,0.4015304067660088,0.5163109142166733,0.41522351993556184,0.19291180024164323,0.34514699959726136,0.5614176399516714,0.5513491743858236,0.5747080144985904,0.5658477648006444,0.635118807893677,0.36488119210632297,0.657672170761176,0.6822392267418446,0.6798227950060411,0.3362867498993154,0.4897301651228353,0.28151429722110355,0.6874748288360855,0.6882803060813532,0.7068062827225131,0.702778896496174,0.26419653644784535,0.37293596455900124,0.5610149013290375,0.5473217881594845,0.41240434957712446,0.39347563431333066,0.4905356423681031,0.3515908175594039,0.4321385420861861
FiveLittlePeppersMidway,0.6822392267418446,0.6286749899315345,0.5557792992347966,0.1594844945630286,0.37696335078534027,0.3717277486910995,0.4627466774063632,0.14458316552557393,0.1482078131292791,0.0,0.20902134514699955,0.1594844945630286,0.13813934756343138,0.6403544099879178,0.6536447845348369,0.6761981474023359,0.3628674989931534,0.5896093435360451,0.42891663310511474,0.28473620620217477,0.37615787354007246,0.5082561417639951,0.3991139750302054,0.1836488119210632,0.3395086588803866,0.5388642770841724,0.5316149818767619,0.5485300040273862,0.5376560612162706,0.635118807893677,0.35199355618203787,0.6488119210632299,0.6701570680628273,0.6685461135722917,0.3354812726540475,0.47442609746274667,0.2803060813532018,0.6814337494965768,0.6890857833266211,0.7120418848167539,0.7043898509867097,0.24969794603302453,0.3483689085783327,0.5283930728956907,0.5368505839710028,0.39428111155859846,0.37011679420056387,0.4768425291985502,0.3294401933145389,0.43254128070882003
FiveLittlePeppersandHowTheyGrew,0.661699556987515,0.6012887635924284,0.5283930728956907,0.2283527990334273,0.36770036246476034,0.3656866693515908,0.4200563834071688,0.19855014095851797,0.23640757148610547,0.20902134514699955,0.0,0.2094240837696335,0.21828433346757958,0.6411598872331856,0.6604913411196134,0.6729762384212645,0.35400724929520744,0.5432944019331454,0.3894482480869915,0.33507853403141363,0.35803463552154646,0.49697946033024565,0.3717277486910995,0.21747885622231167,0.33507853403141363,0.5066451872734595,0.4929520741039065,0.5183246073298429,0.5215465163109142,0.6053161498187676,0.3354812726540475,0.6705598066854611,0.6661296818364881,0.6604913411196134,0.33749496576721705,0.4655658477648007,0.3181635118807894,0.6939186467982279,0.6850583971002819,0.6963350785340314,0.6910994764397906,0.20136931131695535,0.33507853403141363,0.5130890052356021,0.5412807088199758,0.38058799838904556,0.36246476037051956,0.43495771244462345,0.32702376157873536,0.43133306484091827
FiveLittlePeppersandtheirFriends,0.6778091018928716,0.6242448650825614,0.5533628674989932,0.11759967780910185,0.3628674989931534,0.3672976238421265,0.4836890857833266,0.1534434152235199,0.1647200966572694,0.1594844945630286,0.2094240837696335,0.0,0.15102698348771648,0.630688683044704,0.6415626258558196,0.6838501812323802,0.3568264196536448,0.5799436165928313,0.4120016109544905,0.29601288763592426,0.3527990334273057,0.5062424486508257,0.39508658880386627,0.1663310511478051,0.3302456705598067,0.5352396294804671,0.522754732178816,0.5521546516310913,0.5440998791784133,0.6439790575916231,0.35803463552154646,0.6500201369311317,0.680225533628675,0.6689488521949255,0.3302456705598067,0.49335481272654047,0.2706403544099879,0.6653242045912203,0.6693515908175593,0.6874748288360855,0.6882803060813532,0.23681031010873943,0.34353604510672575,0.5428916633105114,0.5320177204993959,0.3906564639548933,0.3870318163511881,0.4748288360853806,0.34434152235199356,0.4208618606524366
FiveLittlePeppersatSchool,0.6778091018928716,0.6327023761578736,0.5557792992347966,0.1429722110350382,0.36004832863471603,0.38219895287958117,0.46596858638743455,0.139750302053967,0.16069271043093036,0.13813934756343138,0.21828433346757958,0.15102698348771648,0.0,0.6423681031010874,0.6649214659685864,0.6830447039871124,0.36488119210632297,0.5867901731776077,0.41441804269029403,0.2919855014095851,0.3777688280306082,0.5167136528393073,0.4059605316149819,0.19291180024164323,0.33145388642770846,0.5513491743858236,0.5384615384615384,0.5682641965364479,0.5436971405557793,0.653242045912203,0.3523962948046717,0.6568666935159082,0.6677406363270237,0.6725734997986307,0.33145388642770846,0.5038260169150222,0.2827225130890052,0.6886830447039871,0.6915022150624245,0.7003624647603706,0.7007652033830044,0.2577527184857028,0.3628674989931534,0.5533628674989932,0.5352396294804671,0.39428111155859846,0.38421264599275073,0.49254933548127267,0.3483689085783327,0.4256947241240435
HegelsLecturesontheHistoryofPhilosophyVolume1of3,0.2931937172774869,0.4265002013693113,0.4869109947643979,0.6500201369311317,0.5851792186870721,0.5159081755940395,0.4989931534434152,0.6568666935159082,0.6447845348368908,0.6403544099879178,0.6411598872331856,0.630688683044704,0.6423681031010874,0.0,0.1043093032621828,0.24969794603302453,0.5440998791784133,0.44099879178413215,0.5739025372533226,0.6133709222714459,0.5529601288763593,0.5146999597261377,0.549738219895288,0.662102295610149,0.536045106725735,0.48570277889649616,0.4949657672170761,0.4957712444623439,0.45831655255739023,0.46516310914216674,0.5505436971405557,0.13652839307289566,0.22633910592025774,0.20579943616592833,0.5618203785743052,0.5187273459524768,0.6137736608940798,0.22996375352396292,0.25291985501409586,0.24929520741039068,0.2517116391461941,0.6463954893274265,0.559001208215868,0.4905356423681031,0.4079742247281515,0.5734997986306887,0.5823600483286346,0.5344341522351994,0.5243656866693516,0.5130890052356021
HegelsLecturesontheHistoryofPhilosophyVolume2of3,0.30406766008860253,0.43334675795408784,0.49254933548127267,0.6657269432138542,0.5976641159887233,0.5300040273862263,0.5231574708014499,0.6721707611759968,0.6560612162706403,0.6536447845348369,0.6604913411196134,0.6415626258558196,0.6649214659685864,0.1043093032621828,0.0,0.22029802658074904,0.5726943213854209,0.445831655255739,0.5839710028191704,0.635118807893677,0.5573902537253322,0.5356423681031011,0.5561820378574305,0.6774063632702376,0.544905356423681,0.5283930728956907,0.5352396294804671,0.5231574708014499,0.500201369311317,0.47563431333064843,0.5537656061216271,0.11800241643173581,0.20902134514699955,0.18848167539267013,0.581554571083367,0.5251711639146195,0.626258558195731,0.2215062424486508,0.23681031010873943,0.2283527990334273,0.23922674184454285,0.6661296818364881,0.5819573097060008,0.49778493757551345,0.41602899718082964,0.5871929118002417,0.6045106725734998,0.5316149818767619,0.5400724929520742,0.5207410390656464
HegelsPhilosophyofMind,0.2734595247684253,0.4103906564639549,0.463954893274265,0.7035843737414418,0.63954893274265,0.5533628674989932,0.5251711639146195,0.6967378171566654,0.7007652033830044,0.6761981474023359,0.6729762384212645,0.6838501812323802,0.6830447039871124,0.24969794603302453,0.22029802658074904,0.0,0.5545710833668949,0.42126459927507043,0.581554571083367,0.626258558195731,0.5863874345549738,0.5122835279903343,0.5714861055175191,0.71163914619412,0.5493354812726541,0.5026178010471204,0.5126862666129681,0.4663713250100685,0.477648006443818,0.41441804269029403,0.5879983890455094,0.2154651631091422,0.19170358437374146,0.13894482480869919,0.5855819573097061,0.5026178010471204,0.6459927507047926,0.22633910592025774,0.24607329842931935,0.22029802658074904,0.23842126459927504,0.6637132501006846,0.5565847764800644,0.45630285944422067,0.39186467982279505,0.6093435360451067,0.6073298429319371,0.5094643576318969,0.5533628674989932,0.545308095046315
HisGreatAdventure,0.5791381393475634,0.513491743858236,0.4861055175191301,0.3777688280306082,0.36528393072895693,0.2670157068062827,0.37293596455900124,0.38662907772855415,0.3930728956906967,0.3628674989931534,0.35400724929520744,0.3568264196536448,0.36488119210632297,0.5440998791784133,0.5726943213854209,0.5545710833668949,0.0,0.45388642770841725,0.3801852597664116,0.31494160289971806,0.32621828433346756,0.47643979057591623,0.3137333870318163,0.37374144180426905,0.19250906161900927,0.44784534836890855,0.45710833668948847,0.44019331453886423,0.43052758759565046,0.5573902537253322,0.34675795408779697,0.5481272654047523,0.5509464357631897,0.5606121627064036,0.2734595247684253,0.33306484091824407,0.2742650020136931,0.5839710028191704,0.563028594442207,0.5718888441401531,0.5831655255739026,0.38501812323801854,0.18848167539267013,0.4812726540475232,0.3636729762384213,0.3588401127668144,0.3189689891260572,0.3644784534836891,0.21586790173177606,0.35481272654047524
HistoryofaSixWeeksTourThroughaPartofFranceSwitzerlandGermanyandHollandWithLettersDescriptiveofaSailRoundtheLakeofGenevaandoftheGlaciersofChamouni,0.38662907772855415,0.38058799838904556,0.4474426097462747,0.6182037857430527,0.49778493757551345,0.45831655255739023,0.39710028191703584,0.6049134111961337,0.6141763995167137,0.5896093435360451,0.5432944019331454,0.5799436165928313,0.5867901731776077,0.44099879178413215,0.445831655255739,0.42126459927507043,0.45388642770841725,0.0,0.44422070076520337,0.5291985501409585,0.4051550543697141,0.436971405557793,0.4265002013693113,0.6153846153846154,0.49013290374546914,0.38139347563431336,0.39105920257752713,0.34957712444623434,0.38582360048328634,0.39347563431333066,0.4587192911800242,0.4502617801047121,0.42327829238824,0.4397905759162304,0.5199355618203786,0.39508658880386627,0.5239629480467176,0.4353604510672574,0.4111961337092227,0.4035440998791784,0.4180426902939992,0.5739025372533226,0.4663713250100685,0.41441804269029403,0.3536045106725735,0.4397905759162304,0.4329440193314539,0.38662907772855415,0.4853000402738623,0.41602899718082964
InPathsofPerilABoysAdventuresinNovaScotia,0.522351993556182,0.4514699959726137,0.4389850986709626,0.4269029399919452,0.3213854208618606,0.32380185259766414,0.27788964961739826,0.43495771244462345,0.40636327023761576,0.42891663310511474,0.3894482480869915,0.4120016109544905,0.41441804269029403,0.5739025372533226,0.5839710028191704,0.581554571083367,0.3801852597664116,0.44422070076520337,0.0,0.39267015706806285,0.33749496576721705,0.3894482480869915,0.261377366089408,0.4627466774063632,0.3749496576721708,0.4567055980668546,0.4389850986709626,0.46757954087797016,0.47039871123640753,0.5086588803866291,0.28393072895690696,0.5767217076117599,0.5626258558195731,0.6129681836488119,0.34957712444623434,0.39629480467176803,0.42891663310511474,0.5702778896496175,0.5533628674989932,0.5743052758759565,0.5759162303664922,0.41683447442609745,0.3705195328231977,0.43737414418042686,0.45227547321788164,0.29601288763592426,0.30809504631494156,0.2863471606927104,0.36608940797422473,0.27386226339105924
LiteraryLoveLettersandOtherStories,0.6198147402335884,0.5847764800644382,0.5086588803866291,0.2964156262585582,0.36608940797422473,0.3399113975030206,0.4655658477648007,0.2819170358437374,0.2964156262585582,0.28473620620217477,0.33507853403141363,0.29601288763592426,0.2919855014095851,0.6133709222714459,0.635118807893677,0.626258558195731,0.31494160289971806,0.5291985501409585,0.39267015706806285,0.0,0.36246476037051956,0.47039871123640753,0.3954893274265002,0.3217881594844946,0.2750704792589609,0.49456302859444223,0.48852194925493353,0.5066451872734595,0.5308095046314942,0.6149818767619815,0.3777688280306082,0.6250503423278293,0.6206202174788562,0.6250503423278293,0.2774869109947644,0.41763995167136525,0.21586790173177606,0.6472009665726943,0.6480064438179621,0.6592831252517116,0.6560612162706403,0.36931131695529607,0.27547321788159485,0.5553765606121628,0.4869109947643979,0.37213048731373344,0.3399113975030206,0.46516310914216674,0.2766814337494966,0.4285138944824809
MyStrangeRescueandOtherStoriesofSportandAdventureinCanada,0.5871929118002417,0.5384615384615384,0.5469190495368506,0.3757551349174386,0.2464760370519533,0.32460732984293195,0.33588401127668144,0.37454691904953685,0.4015304067660088,0.37615787354007246,0.35803463552154646,0.3527990334273057,0.3777688280306082,0.5529601288763593,0.5573902537253322,0.5863874345549738,0.32621828433346756,0.4051550543697141,0.33749496576721705,0.36246476037051956,0.0,0.48650825614176396,0.2645992750704793,0.3681031010873943,0.3137333870318163,0.43938783729359643,0.445831655255739,0.4502617801047121,0.4422070076520338,0.5827627869512686,0.28594442207007653,0.5702778896496175,0.580749093838099,0.5743052758759565,0.378574305275876,0.3958920660491341,0.3411196133709222,0.5650422875553766,0.5565847764800644,0.5698751510269835,0.5867901731776077,0.3757551349174386,0.301651228352799,0.499798630688683,0.41925090616190097,0.27708417237213046,0.24003221908981076,0.30567861457913814,0.3181635118807894,0.27466774063632704
PeterBelltheThird,0.44784534836890855,0.3636729762384213,0.356020942408377,0.5199355618203786,0.46596858638743455,0.47200966572694325,0.41441804269029403,0.5074506645187273,0.5163109142166733,0.5082561417639951,0.49697946033024565,0.5062424486508257,0.5167136528393073,0.5146999597261377,0.5356423681031011,0.5122835279903343,0.47643979057591623,0.436971405557793,0.3894482480869915,0.47039871123640753,0.48650825614176396,0.0,0.43334675795408784,0.5263793797825211,0.48409182440596055,0.38421264599275073,0.3717277486910995,0.40233588401127673,0.3946838501812324,0.39347563431333066,0.4490535642368103,0.5336286749899315,0.5066451872734595,0.5400724929520742,0.41079339508658885,0.39267015706806285,0.5006041079339509,0.5203383004430124,0.5239629480467176,0.5203383004430124,0.5207410390656464,0.5022150624244865,0.481675392670157,0.3233991139750302,0.49697946033024565,0.4051550543697141,0.4559001208215868,0.4337494965767217,0.48046717680225537,0.4285138944824809
TerrysTrialsandTriumphs,0.5481272654047523,0.4897301651228353,0.47724526782118404,0.4148207813129279,0.2561417639951671,0.2895690696737817,0.27990334273056783,0.4196536447845348,0.41522351993556184,0.3991139750302054,0.3717277486910995,0.39508658880386627,0.4059605316149819,0.549738219895288,0.5561820378574305,0.5714861055175191,0.3137333870318163,0.4265002013693113,0.261377366089408,0.3954893274265002,0.2645992750704793,0.43334675795408784,0.0,0.4083769633507853,0.3044703987112364,0.436971405557793,0.4422070076520338,0.44784534836890855,0.42609746274667737,0.5432944019331454,0.2923882400322191,0.5581957309706,0.559001208215868,0.5827627869512686,0.34957712444623434,0.4111961337092227,0.3846153846153846,0.5650422875553766,0.5537656061216271,0.5690696737817157,0.5698751510269835,0.41763995167136525,0.31856625050342324,0.4579138139347564,0.4422070076520338,0.2670157068062827,0.24808699154248892,0.29681836488119206,0.3093032621828433,0.2593636729762384
TheAdventuresofJoelPepper,0.6959323399113975,0.6520338300443013,0.5549738219895288,0.13934756343133303,0.3664921465968587,0.38824003221908976,0.4973821989528796,0.17478856222311723,0.19291180024164323,0.1836488119210632,0.21747885622231167,0.1663310511478051,0.19291180024164323,0.662102295610149,0.6774063632702376,0.71163914619412,0.37374144180426905,0.6153846153846154,0.4627466774063632,0.3217881594844946,0.3681031010873943,0.5263793797825211,0.4083769633507853,0.0,0.3499798630688683,0.5537656061216271,0.5465163109142166,0.5638340716874748,0.5622231171969392,0.6520338300443013,0.4027386226339106,0.6975432944019331,0.707209021345147,0.7015706806282722,0.3475634313330649,0.4913411196133709,0.2766814337494966,0.6923076923076923,0.6947241240434958,0.7168747482883608,0.7080144985904149,0.2086186065243657,0.35199355618203787,0.558598469593234,0.5606121627064036,0.39629480467176803,0.3817962142569472,0.49778493757551345,0.3523962948046717,0.4518727345952477
TheCommonLot,0.5694724124043495,0.5465163109142166,0.5146999597261377,0.34273056786145795,0.31614981876761983,0.2267418445428917,0.39790575916230364,0.3302456705598067,0.34514699959726136,0.3395086588803866,0.33507853403141363,0.3302456705598067,0.33145388642770846,0.536045106725735,0.544905356423681,0.5493354812726541,0.19250906161900927,0.49013290374546914,0.3749496576721708,0.2750704792589609,0.3137333870318163,0.48409182440596055,0.3044703987112364,0.3499798630688683,0.0,0.46153846153846156,0.45549738219895286,0.4679822795006041,0.46516310914216674,0.6061216270640355,0.333467579540878,0.5420861860652437,0.5521546516310913,0.5577929923479661,0.24889246878775673,0.34877164720096654,0.23681031010873943,0.5771244462343939,0.563028594442207,0.5726943213854209,0.5843737414418042,0.37978252114377764,0.16915022150624248,0.49859041482078126,0.37011679420056387,0.342327829238824,0.29681836488119206,0.38662907772855415,0.1828433346757954,0.3362867498993154
TheCompletePoeticalWorksofPercyByssheShelley—Complete,0.42126459927507043,0.4120016109544905,0.536447845348369,0.576318968989126,0.49697946033024565,0.47724526782118404,0.4474426097462747,0.536447845348369,0.5614176399516714,0.5388642770841724,0.5066451872734595,0.5352396294804671,0.5513491743858236,0.48570277889649616,0.5283930728956907,0.5026178010471204,0.44784534836890855,0.38139347563431336,0.4567055980668546,0.49456302859444223,0.43938783729359643,0.38421264599275073,0.436971405557793,0.5537656061216271,0.46153846153846156,0.0,0.05960531614981879,0.1163914619412002,0.1284736206202175,0.4027386226339106,0.4619412001610954,0.5211437776882804,0.5171163914619412,0.5308095046314942,0.5300040273862263,0.42811115585984694,0.48328634716069274,0.527184857027789,0.5086588803866291,0.5062424486508257,0.5175191300845752,0.522351993556182,0.4691904953685059,0.36931131695529607,0.41683447442609745,0.48328634716069274,0.477648006443818,0.47885622231171965,0.41844542891663306,0.49093838099073706
TheCompletePoeticalWorksofPercyByssheShelley—Volume1,0.4216673378977044,0.4248892468787757,0.5424889246878776,0.5610149013290375,0.4889246878775675,0.46677406363270235,0.4474426097462747,0.5287958115183247,0.5513491743858236,0.5316149818767619,0.4929520741039065,0.522754732178816,0.5384615384615384,0.4949657672170761,0.5352396294804671,0.5126862666129681,0.45710833668948847,0.39105920257752713,0.4389850986709626,0.48852194925493353,0.445831655255739,0.3717277486910995,0.4422070076520338,0.5465163109142166,0.45549738219895286,0.05960531614981879,0.0,0.15505436971405562,0.17519130084575107,0.40998791784132094,0.45751107531212243,0.5316149818767619,0.5283930728956907,0.5420861860652437,0.522351993556182,0.43656866693515906,0.477648006443818,0.527184857027789,0.5034232782923882,0.5054369714055578,0.5163109142166733,0.5239629480467176,0.4732178815948449,0.36004832863471603,0.4321385420861861,0.48046717680225537,0.47966169955698756,0.477648006443818,0.41159887233185666,0.4949657672170761
TheCompletePoeticalWorksofPercyByssheShelley—Volume2,0.41683447442609745,0.4120016109544905,0.5018123238018526,0.5936367297623841,0.5283930728956907,0.49335481272654047,0.4498590414820781,0.5513491743858236,0.5747080144985904,0.5485300040273862,0.5183246073298429,0.5521546516310913,0.5682641965364479,0.4957712444623439,0.5231574708014499,0.4663713250100685,0.44019331453886423,0.34957712444623434,0.46757954087797016,0.5066451872734595,0.4502617801047121,0.40233588401127673,0.44784534836890855,0.5638340716874748,0.4679822795006041,0.1163914619412002,0.15505436971405562,0.0,0.19089810712847366,0.37213048731373344,0.4957712444623439,0.5211437776882804,0.49617398308497784,0.5050342327829238,0.5316149818767619,0.3922674184454289,0.500201369311317,0.5187273459524768,0.4889246878775675,0.49375755134917443,0.5006041079339509,0.5114780507450665,0.46073298429319376,0.3584373741441804,0.3906564639548933,0.4881192106322997,0.4784534836890858,0.463954893274265,0.43938783729359643,0.48932742650020133
TheCompletePoeticalWorksofPercyByssheShelley—Volume3,0.4051550543697141,0.378574305275876,0.500201369311317,0.581554571083367,0.5042287555376561,0.4691904953685059,0.4309303262182843,0.5428916633105114,0.5658477648006444,0.5376560612162706,0.5215465163109142,0.5440998791784133,0.5436971405557793,0.45831655255739023,0.500201369311317,0.477648006443818,0.43052758759565046,0.38582360048328634,0.47039871123640753,0.5308095046314942,0.4422070076520338,0.3946838501812324,0.42609746274667737,0.5622231171969392,0.46516310914216674,0.1284736206202175,0.17519130084575107,0.19089810712847366,0.0,0.37696335078534027,0.4611357229158276,0.48852194925493353,0.4792589609343536,0.4989931534434152,0.5348368908578333,0.42730567861457913,0.49617398308497784,0.49536850583971004,0.4836890857833266,0.47200966572694325,0.4828836085380588,0.544905356423681,0.46596858638743455,0.38300443012484897,0.40233588401127673,0.4957712444623439,0.48328634716069274,0.4716069271043093,0.43415223519935564,0.47442609746274667
TheDaemonoftheWorld,0.3938783729359645,0.27990334273056783,0.3346757954087797,0.639146194120016,0.6459927507047926,0.6020942408376964,0.500201369311317,0.6588803866290778,0.635118807893677,0.635118807893677,0.6053161498187676,0.6439790575916231,0.653242045912203,0.46516310914216674,0.47563431333064843,0.41441804269029403,0.5573902537253322,0.39347563431333066,0.5086588803866291,0.6149818767619815,0.5827627869512686,0.39347563431333066,0.5432944019331454,0.6520338300443013,0.6061216270640355,0.4027386226339106,0.40998791784132094,0.37213048731373344,0.37696335078534027,0.0,0.5839710028191704,0.4768425291985502,0.41441804269029403,0.445831655255739,0.5493354812726541,0.3870318163511881,0.6459927507047926,0.43938783729359643,0.4277084172372131,0.41522351993556184,0.42811115585984694,0.5912202980265808,0.5626258558195731,0.23761578735400724,0.4671768022553363,0.576318968989126,0.5577929923479661,0.47885622231171965,0.5714861055175191,0.5863874345549738
TheFamilyonWheels,0.5533628674989932,0.5070479258960934,0.4993958920660492,0.3870318163511881,0.2887635924285139,0.2984293193717278,0.3076923076923077,0.37454691904953685,0.36488119210632297,0.35199355618203787,0.3354812726540475,0.35803463552154646,0.3523962948046717,0.5505436971405557,0.5537656061216271,0.5879983890455094,0.34675795408779697,0.4587192911800242,0.28393072895690696,0.3777688280306082,0.28594442207007653,0.4490535642368103,0.2923882400322191,0.4027386226339106,0.333467579540878,0.4619412001610954,0.45751107531212243,0.4957712444623439,0.4611357229158276,0.5839710028191704,0.0,0.558598469593234,0.5622231171969392,0.5952476842529199,0.37011679420056387,0.4385823600483286,0.34796616995569873,0.5670559806685461,0.5747080144985904,0.5819573097060008,0.5879983890455094,0.3801852597664116,0.3584373741441804,0.5018123238018526,0.45388642770841725,0.32702376157873536,0.3217881594844946,0.32984293193717273,0.324204591220298,0.29279097865485304
TheHistoryofPhilosophyVolumeThreeof3,0.3036649214659686,0.445831655255739,0.477648006443818,0.6733789770438985,0.6105517519130085,0.5380587998389046,0.5191300845751108,0.6870720902134515,0.657672170761176,0.6488119210632299,0.6705598066854611,0.6500201369311317,0.6568666935159082,0.13652839307289566,0.11800241643173581,0.2154651631091422,0.5481272654047523,0.4502617801047121,0.5767217076117599,0.6250503423278293,0.5702778896496175,0.5336286749899315,0.5581957309706,0.6975432944019331,0.5420861860652437,0.5211437776882804,0.5316149818767619,0.5211437776882804,0.48852194925493353,0.4768425291985502,0.558598469593234,0.0,0.19291180024164323,0.17639951671365284,0.5610149013290375,0.5155054369714056,0.6367297623842126,0.2198952879581152,0.24405960531614979,0.23238018525976645,0.24285138944824813,0.6806282722513088,0.5666532420459123,0.5086588803866291,0.4285138944824809,0.5964559001208216,0.6113572291582763,0.5392670157068062,0.5408779701973419,0.5155054369714056
TheIntroductiontoHegelsPhilosophyofFineArtsTranslatedfromtheGermanwithNotesandPrefatoryEssay,0.24969794603302453,0.38139347563431336,0.45308095046314945,0.698348771647201,0.6343133306484092,0.5328231977446637,0.5118807893677004,0.6943213854208619,0.6822392267418446,0.6701570680628273,0.6661296818364881,0.680225533628675,0.6677406363270237,0.22633910592025774,0.20902134514699955,0.19170358437374146,0.5509464357631897,0.42327829238824,0.5626258558195731,0.6206202174788562,0.580749093838099,0.5066451872734595,0.559001208215868,0.707209021345147,0.5521546516310913,0.5171163914619412,0.5283930728956907,0.49617398308497784,0.4792589609343536,0.41441804269029403,0.5622231171969392,0.19291180024164323,0.0,0.18485702778896496,0.5533628674989932,0.49013290374546914,0.6427708417237212,0.18848167539267013,0.22915827627869512,0.20016109544905358,0.20660491341119613,0.6709625453080951,0.5646395489327427,0.47039871123640753,0.37897704389850984,0.5936367297623841,0.5960531614981877,0.5098670962545309,0.5553765606121628,0.5263793797825211
TheLogicofHegel,0.2782923882400322,0.4256947241240435,0.49013290374546914,0.6850583971002819,0.6318968989126057,0.5424889246878776,0.5541683447442609,0.6866693515908175,0.6798227950060411,0.6685461135722917,0.6604913411196134,0.6689488521949255,0.6725734997986307,0.20579943616592833,0.18848167539267013,0.13894482480869919,0.5606121627064036,0.4397905759162304,0.6129681836488119,0.6250503423278293,0.5743052758759565,0.5400724929520742,0.5827627869512686,0.7015706806282722,0.5577929923479661,0.5308095046314942,0.5420861860652437,0.5050342327829238,0.4989931534434152,0.445831655255739,0.5952476842529199,0.17639951671365284,0.18485702778896496,0.0,0.5819573097060008,0.5308095046314942,0.639146194120016,0.22392267418445433,0.2533225936367297,0.23117196939186468,0.23922674184454285,0.6596858638743455,0.5682641965364479,0.4844945630285944,0.4059605316149819,0.6198147402335884,0.6125654450261779,0.5505436971405557,0.5533628674989932,0.5557792992347966
TheManWhoWins,0.5670559806685461,0.49536850583971004,0.40998791784132094,0.3302456705598067,0.356020942408377,0.3213854208618606,0.3894482480869915,0.3483689085783327,0.3362867498993154,0.3354812726540475,0.33749496576721705,0.3302456705598067,0.33145388642770846,0.5618203785743052,0.581554571083367,0.5855819573097061,0.2734595247684253,0.5199355618203786,0.34957712444623434,0.2774869109947644,0.378574305275876,0.41079339508658885,0.34957712444623434,0.3475634313330649,0.24889246878775673,0.5300040273862263,0.522351993556182,0.5316149818767619,0.5348368908578333,0.5493354812726541,0.37011679420056387,0.5610149013290375,0.5533628674989932,0.5819573097060008,0.0,0.33910592025775277,0.30487313733387034,0.5976641159887233,0.5996778091018928,0.5924285138944825,0.6073298429319371,0.38058799838904556,0.23238018525976645,0.4438179621425695,0.4405960531614982,0.3387031816351188,0.31171969391864685,0.3757551349174386,0.2911800241643173,0.396697543294402
TheMasteroftheInn,0.48046717680225537,0.4075714861055175,0.33910592025775277,0.4989931534434152,0.4724124043495771,0.42891663310511474,0.34716069271043093,0.5094643576318969,0.4897301651228353,0.47442609746274667,0.4655658477648007,0.49335481272654047,0.5038260169150222,0.5187273459524768,0.5251711639146195,0.5026178010471204,0.33306484091824407,0.39508658880386627,0.39629480467176803,0.41763995167136525,0.3958920660491341,0.39267015706806285,0.4111961337092227,0.4913411196133709,0.34877164720096654,0.42811115585984694,0.43656866693515906,0.3922674184454289,0.42730567861457913,0.3870318163511881,0.4385823600483286,0.5155054369714056,0.49013290374546914,0.5308095046314942,0.33910592025775277,0.0,0.41240434957712446,0.5243656866693516,0.47724526782118404,0.49778493757551345,0.5142972211035038,0.4389850986709626,0.3250100684655658,0.3709222714458317,0.36004832863471603,0.3793797825211438,0.37213048731373344,0.32541280708819975,0.3455497382198953,0.4027386226339106
TheMemoirsofanAmericanCitizen,0.630688683044704,0.5896093435360451,0.5275875956504229,0.2811115585984696,0.33427305678614583,0.3181635118807894,0.46234393878372937,0.2585581957309706,0.28151429722110355,0.2803060813532018,0.3181635118807894,0.2706403544099879,0.2827225130890052,0.6137736608940798,0.626258558195731,0.6459927507047926,0.2742650020136931,0.5239629480467176,0.42891663310511474,0.21586790173177606,0.3411196133709222,0.5006041079339509,0.3846153846153846,0.2766814337494966,0.23681031010873943,0.48328634716069274,0.477648006443818,0.500201369311317,0.49617398308497784,0.6459927507047926,0.34796616995569873,0.6367297623842126,0.6427708417237212,0.639146194120016,0.30487313733387034,0.41240434957712446,0.0,0.6488119210632299,0.6504228755537655,0.6455900120821587,0.6592831252517116,0.3286347160692711,0.27627869512686265,0.5706806282722513,0.4474426097462747,0.3765606121627064,0.3387031816351188,0.46234393878372937,0.25291985501409586,0.4015304067660088
ThePhilosophyofFineArtvolume1of4HegelsAesthetik,0.25372533225936367,0.37615787354007246,0.44623439387837294,0.6931131695529602,0.6182037857430527,0.5505436971405557,0.521949254933548,0.7064035440998792,0.6874748288360855,0.6814337494965768,0.6939186467982279,0.6653242045912203,0.6886830447039871,0.22996375352396292,0.2215062424486508,0.22633910592025774,0.5839710028191704,0.4353604510672574,0.5702778896496175,0.6472009665726943,0.5650422875553766,0.5203383004430124,0.5650422875553766,0.6923076923076923,0.5771244462343939,0.527184857027789,0.527184857027789,0.5187273459524768,0.49536850583971004,0.43938783729359643,0.5670559806685461,0.2198952879581152,0.18848167539267013,0.22392267418445433,0.5976641159887233,0.5243656866693516,0.6488119210632299,0.0,0.11921063229963758,0.11880789367700362,0.11276681433749491,0.6778091018928716,0.5863874345549738,0.47281514297221106,0.3838099073701168,0.6093435360451067,0.6077325815545711,0.5267821184051551,0.5775271848570278,0.5187273459524768
ThePhilosophyofFineArtvolume2of4HegelsAesthetik,0.27990334273056783,0.3777688280306082,0.4353604510672574,0.698751510269835,0.6153846153846154,0.5465163109142166,0.4993958920660492,0.7180829641562626,0.6882803060813532,0.6890857833266211,0.6850583971002819,0.6693515908175593,0.6915022150624245,0.25291985501409586,0.23681031010873943,0.24607329842931935,0.563028594442207,0.4111961337092227,0.5533628674989932,0.6480064438179621,0.5565847764800644,0.5239629480467176,0.5537656061216271,0.6947241240434958,0.563028594442207,0.5086588803866291,0.5034232782923882,0.4889246878775675,0.4836890857833266,0.4277084172372131,0.5747080144985904,0.24405960531614979,0.22915827627869512,0.2533225936367297,0.5996778091018928,0.47724526782118404,0.6504228755537655,0.11921063229963758,0.0,0.10551751913008456,0.11679420056383405,0.6677406363270237,0.5682641965364479,0.4579138139347564,0.3620620217478856,0.5884011276681433,0.5867901731776077,0.5010068465565848,0.576318968989126,0.5211437776882804
