,ATaleofTwoCities,AdamBede,BarnabyRudgeATaleoftheRiotsofEighty,CatherineAStory,Cranford,DanielDeronda,DombeyandSon,Emma,FelixHolttheRadical,HardTimes,LittleDorrit,MansfieldPark,MartinChuzzlewit,MaryBarton,Middlemarch,NicholasNickleby,NorthandSouth,NorthangerAbbey,OliverTwist,OurMutualFriend,Persuasion,PrideandPrejudice,Romola,Ruth,SenseandSensibility,SilasMarner,SylviasLovers—Complete,TheHistoryofHenryEsmondEsqaColonelintheServiceofHerMajestyQueenAnne,TheHistoryofPendennis,TheMillontheFloss,TheMysteryofEdwinDrood,TheNewcomesMemoirsofaMostRespectableFamily,ThePickwickPapers,TheVirginians,VanityFair
ATaleofTwoCities,0.0,0.5069967707212055,0.2992465016146394,0.43272335844994614,0.5586652314316469,0.5543595263724435,0.3369214208826695,0.6103336921420883,0.5091496232508073,0.39074273412271254,0.356297093649085,0.6361679224973089,0.3821313240043057,0.5134553283100107,0.5479009687836383,0.41980624327233584,0.5575888051668461,0.627556512378902,0.33261571582346605,0.3573735199138859,0.627556512378902,0.6566200215285253,0.4348762109795479,0.5220667384284177,0.6340150699677072,0.511302475780409,0.4445640473627557,0.433799784714747,0.433799784714747,0.5328310010764263,0.3466092572658773,0.4854682454251884,0.356297093649085,0.49407965554359523,0.4564047362755651
AdamBede,0.5069967707212055,0.0,0.5166846071044133,0.5705059203444565,0.47793326157158234,0.3595263724434876,0.4790096878363832,0.5166846071044133,0.35522066738428415,0.4822389666307858,0.47470398277717973,0.5177610333692142,0.503767491926803,0.4251883745963402,0.37136706135629705,0.5328310010764263,0.44994617868676,0.5134553283100107,0.46501614639397204,0.4370290635091496,0.4897739504843919,0.5823466092572659,0.3401506996770721,0.4951560818083961,0.5705059203444565,0.26480086114101187,0.4628632938643703,0.5522066738428417,0.5672766415500539,0.2346609257265877,0.48331539289558667,0.5597416576964478,0.5392895586652314,0.5392895586652314,0.5608180839612487
BarnabyRudgeATaleoftheRiotsofEighty,0.2992465016146394,0.5166846071044133,0.0,0.45425188374596337,0.5479009687836383,0.5844994617868676,0.33584499461786865,0.6264800861141011,0.5102260495156081,0.40043057050592035,0.4122712594187298,0.6307857911733046,0.3013993541442411,0.4757804090419806,0.5414424111948332,0.3089343379978472,0.5468245425188374,0.5780409041980624,0.2734122712594187,0.4381054897739505,0.5834230355220668,0.5909580193756727,0.48654467168998927,0.5252960172228203,0.5995694294940797,0.49946178686759957,0.4370290635091496,0.49946178686759957,0.46824542518837464,0.5296017222820237,0.4273412271259419,0.5339074273412272,0.341227125941873,0.503767491926803,0.5166846071044133
CatherineAStory,0.43272335844994614,0.5705059203444565,0.45425188374596337,0.0,0.48116254036598494,0.596340150699677,0.47147470398277713,0.5694294940796556,0.5651237890204521,0.5263724434876211,0.49623250807319697,0.5984930032292788,0.4951560818083961,0.5188374596340151,0.5597416576964478,0.4854682454251884,0.5801937567276642,0.5984930032292788,0.4284176533907428,0.47470398277717973,0.5931108719052745,0.5683530678148547,0.5145317545748116,0.5263724434876211,0.5974165769644779,0.542518837459634,0.5242195909580194,0.3369214208826695,0.29386437029063506,0.5694294940796556,0.5102260495156081,0.29386437029063506,0.4241119483315393,0.3670613562970937,0.32938643702906356
Cranford,0.5586652314316469,0.47793326157158234,0.5479009687836383,0.48116254036598494,0.0,0.4897739504843919,0.5145317545748116,0.4564047362755651,0.5382131324004306,0.47039827771797627,0.511302475780409,0.46178686759956944,0.5059203444564047,0.3821313240043057,0.5166846071044133,0.4897739504843919,0.3153928955866523,0.48762109795479014,0.5188374596340151,0.5005382131324004,0.46501614639397204,0.4897739504843919,0.5489773950484391,0.3466092572658773,0.5016146393972013,0.5457481162540365,0.39074273412271254,0.5328310010764263,0.5209903121636168,0.4671689989235738,0.5349838536060281,0.47147470398277713,0.5059203444564047,0.511302475780409,0.4822389666307858
DanielDeronda,0.5543595263724435,0.3595263724434876,0.5844994617868676,0.596340150699677,0.4897739504843919,0.0,0.5511302475780409,0.4370290635091496,0.2798708288482239,0.47039827771797627,0.45209903121636164,0.44241119483315394,0.5446716899892358,0.5166846071044133,0.24865446716899897,0.5285252960172229,0.44241119483315394,0.43595263724434874,0.5823466092572659,0.49407965554359523,0.4660925726587729,0.4413347685683531,0.3573735199138859,0.5134553283100107,0.4381054897739505,0.3928955866523143,0.6135629709364909,0.5651237890204521,0.6178686759956943,0.3013993541442411,0.48762109795479014,0.5608180839612487,0.5984930032292788,0.5317545748116255,0.5974165769644779
DombeyandSon,0.3369214208826695,0.4790096878363832,0.33584499461786865,0.47147470398277713,0.5145317545748116,0.5511302475780409,0.0,0.6114101184068892,0.47685683530678147,0.31646932185145316,0.3121636167922497,0.6006458557588805,0.2927879440258342,0.503767491926803,0.5188374596340151,0.3767491926803014,0.5618945102260495,0.5489773950484391,0.35844994617868675,0.35844994617868675,0.6124865446716901,0.6135629709364909,0.47147470398277713,0.49300322927879436,0.6060279870828849,0.4854682454251884,0.4660925726587729,0.5446716899892358,0.4790096878363832,0.5080731969860064,0.3702906350914962,0.5177610333692142,0.3724434876210979,0.5522066738428417,0.4467168998923574
Emma,0.6103336921420883,0.5166846071044133,0.6264800861141011,0.5694294940796556,0.4564047362755651,0.4370290635091496,0.6114101184068892,0.0,0.5231431646932185,0.5285252960172229,0.5252960172228203,0.19483315392895584,0.5877287405812701,0.49730893433799783,0.46178686759956944,0.5457481162540365,0.4273412271259419,0.27448869752421956,0.6759956942949408,0.5457481162540365,0.24865446716899897,0.23358449946178683,0.5941872981700753,0.4413347685683531,0.22282023681377827,0.55005382131324,0.5683530678148547,0.5489773950484391,0.6071044133476857,0.5166846071044133,0.5489773950484391,0.5608180839612487,0.6318622174381054,0.5543595263724435,0.6114101184068892
FelixHolttheRadical,0.5091496232508073,0.35522066738428415,0.5102260495156081,0.5651237890204521,0.5382131324004306,0.2798708288482239,0.47685683530678147,0.5231431646932185,0.0,0.4564047362755651,0.418729817007535,0.49946178686759957,0.48439181916038754,0.5123789020452099,0.26587728740581273,0.472551130247578,0.4854682454251884,0.4660925726587729,0.5145317545748116,0.472551130247578,0.4660925726587729,0.5296017222820237,0.2960172228202368,0.48654467168998927,0.5220667384284177,0.34230355220667386,0.5543595263724435,0.5522066738428417,0.5479009687836383,0.31646932185145316,0.47685683530678147,0.5231431646932185,0.527448869752422,0.5199138858988159,0.5457481162540365
HardTimes,0.39074273412271254,0.4822389666307858,0.40043057050592035,0.5263724434876211,0.47039827771797627,0.47039827771797627,0.31646932185145316,0.5285252960172229,0.4564047362755651,0.0,0.25834230355220666,0.5403659849300323,0.3153928955866523,0.503767491926803,0.47793326157158234,0.3821313240043057,0.4660925726587729,0.5220667384284177,0.433799784714747,0.30678148546824546,0.5791173304628633,0.5565123789020452,0.5252960172228203,0.4693218514531755,0.527448869752422,0.5263724434876211,0.48654467168998927,0.5801937567276642,0.5565123789020452,0.49623250807319697,0.3304628632938643,0.5683530678148547,0.44564047362755654,0.5855758880516684,0.5489773950484391
LittleDorrit,0.356297093649085,0.47470398277717973,0.4122712594187298,0.49623250807319697,0.511302475780409,0.45209903121636164,0.3121636167922497,0.5252960172228203,0.418729817007535,0.25834230355220666,0.0,0.5231431646932185,0.28094725511302476,0.55005382131324,0.41980624327233584,0.35844994617868675,0.5457481162540365,0.5199138858988159,0.43595263724434874,0.2798708288482239,0.581270182992465,0.5414424111948332,0.5339074273412272,0.5328310010764263,0.5414424111948332,0.5069967707212055,0.5532831001076426,0.5446716899892358,0.5145317545748116,0.4639397201291712,0.2863293864370291,0.5403659849300323,0.4434876210979548,0.5080731969860064,0.5285252960172229
MansfieldPark,0.6361679224973089,0.5177610333692142,0.6307857911733046,0.5984930032292788,0.46178686759956944,0.44241119483315394,0.6006458557588805,0.19483315392895584,0.49946178686759957,0.5403659849300323,0.5231431646932185,0.0,0.5586652314316469,0.5414424111948332,0.4305705059203444,0.5382131324004306,0.433799784714747,0.20667384284176538,0.6964477933261571,0.5791173304628633,0.2023681377825619,0.24327233584499464,0.5672766415500539,0.4628632938643703,0.2282023681377826,0.5134553283100107,0.5737351991388591,0.5898815931108718,0.6006458557588805,0.5016146393972013,0.5823466092572659,0.5920344456404736,0.6103336921420883,0.5694294940796556,0.5866523143164692
MartinChuzzlewit,0.3821313240043057,0.503767491926803,0.3013993541442411,0.4951560818083961,0.5059203444564047,0.5446716899892358,0.2927879440258342,0.5877287405812701,0.48439181916038754,0.3153928955866523,0.28094725511302476,0.5586652314316469,0.0,0.5231431646932185,0.4854682454251884,0.31001076426264795,0.5220667384284177,0.5188374596340151,0.36490850376749195,0.3476856835306782,0.5801937567276642,0.5705059203444565,0.5575888051668461,0.5102260495156081,0.5672766415500539,0.5016146393972013,0.49407965554359523,0.5834230355220668,0.5005382131324004,0.4897739504843919,0.32938643702906356,0.5640473627556513,0.3498385360602799,0.5479009687836383,0.5511302475780409
MaryBarton,0.5134553283100107,0.4251883745963402,0.4757804090419806,0.5188374596340151,0.3821313240043057,0.5166846071044133,0.503767491926803,0.49730893433799783,0.5123789020452099,0.503767491926803,0.55005382131324,0.5414424111948332,0.5231431646932185,0.0,0.5317545748116255,0.5177610333692142,0.30462863293864373,0.5306781485468246,0.45209903121636164,0.5209903121636168,0.49623250807319697,0.5306781485468246,0.49407965554359523,0.28525296017222823,0.5123789020452099,0.5123789020452099,0.26587728740581273,0.5048439181916039,0.566200215285253,0.46178686759956944,0.5446716899892358,0.5134553283100107,0.5252960172228203,0.5414424111948332,0.5382131324004306
Middlemarch,0.5479009687836383,0.37136706135629705,0.5414424111948332,0.5597416576964478,0.5166846071044133,0.24865446716899897,0.5188374596340151,0.46178686759956944,0.26587728740581273,0.47793326157158234,0.41980624327233584,0.4305705059203444,0.4854682454251884,0.5317545748116255,0.0,0.4639397201291712,0.4951560818083961,0.4445640473627557,0.5511302475780409,0.45425188374596337,0.4467168998923574,0.4822389666307858,0.37459634015069965,0.511302475780409,0.4671689989235738,0.3606027987082885,0.6027987082884823,0.5823466092572659,0.5575888051668461,0.3186221743810549,0.4639397201291712,0.5618945102260495,0.55005382131324,0.527448869752422,0.5479009687836383
NicholasNickleby,0.41980624327233584,0.5328310010764263,0.3089343379978472,0.4854682454251884,0.4897739504843919,0.5285252960172229,0.3767491926803014,0.5457481162540365,0.472551130247578,0.3821313240043057,0.35844994617868675,0.5382131324004306,0.31001076426264795,0.5177610333692142,0.4639397201291712,0.0,0.4897739504843919,0.49407965554359523,0.32938643702906356,0.37459634015069965,0.5328310010764263,0.5080731969860064,0.5618945102260495,0.488697524219591,0.5220667384284177,0.5177610333692142,0.5134553283100107,0.5543595263724435,0.48008611410118407,0.48439181916038754,0.3853606027987083,0.5091496232508073,0.2949407965554359,0.49623250807319697,0.49085037674919263
NorthandSouth,0.5575888051668461,0.44994617868676,0.5468245425188374,0.5801937567276642,0.3153928955866523,0.44241119483315394,0.5618945102260495,0.4273412271259419,0.4854682454251884,0.4660925726587729,0.5457481162540365,0.433799784714747,0.5220667384284177,0.30462863293864373,0.4951560818083961,0.4897739504843919,0.0,0.4208826695371367,0.5317545748116255,0.49623250807319697,0.4477933261571583,0.4564047362755651,0.5231431646932185,0.2669537136706136,0.4144241119483315,0.5306781485468246,0.3476856835306782,0.566200215285253,0.5898815931108718,0.4284176533907428,0.511302475780409,0.5285252960172229,0.5898815931108718,0.5392895586652314,0.55005382131324
NorthangerAbbey,0.627556512378902,0.5134553283100107,0.5780409041980624,0.5984930032292788,0.48762109795479014,0.43595263724434874,0.5489773950484391,0.27448869752421956,0.4660925726587729,0.5220667384284177,0.5199138858988159,0.20667384284176538,0.5188374596340151,0.5306781485468246,0.4445640473627557,0.49407965554359523,0.4208826695371367,0.0,0.651237890204521,0.5780409041980624,0.25511302475780406,0.25511302475780406,0.5543595263724435,0.4628632938643703,0.24004305705059203,0.511302475780409,0.5758880516684607,0.6243272335844995,0.6210979547900969,0.4897739504843919,0.5414424111948332,0.6081808396124866,0.5758880516684607,0.5780409041980624,0.6135629709364909
OliverTwist,0.33261571582346605,0.46501614639397204,0.2734122712594187,0.4284176533907428,0.5188374596340151,0.5823466092572659,0.35844994617868675,0.6759956942949408,0.5145317545748116,0.433799784714747,0.43595263724434874,0.6964477933261571,0.36490850376749195,0.45209903121636164,0.5511302475780409,0.32938643702906356,0.5317545748116255,0.651237890204521,0.0,0.4025834230355221,0.6620021528525296,0.6620021528525296,0.46501614639397204,0.49946178686759957,0.673842841765339,0.48008611410118407,0.41334768568353064,0.48762109795479014,0.4241119483315393,0.4897739504843919,0.43595263724434874,0.511302475780409,0.23896663078579117,0.5328310010764263,0.45532831001076424
OurMutualFriend,0.3573735199138859,0.4370290635091496,0.4381054897739505,0.47470398277717973,0.5005382131324004,0.49407965554359523,0.35844994617868675,0.5457481162540365,0.472551130247578,0.30678148546824546,0.2798708288482239,0.5791173304628633,0.3476856835306782,0.5209903121636168,0.45425188374596337,0.37459634015069965,0.49623250807319697,0.5780409041980624,0.4025834230355221,0.0,0.620021528525296,0.5608180839612487,0.5016146393972013,0.5306781485468246,0.5705059203444565,0.48654467168998927,0.5069967707212055,0.5242195909580194,0.5059203444564047,0.42626480086114105,0.2766415500538213,0.5371367061356297,0.418729817007535,0.48654467168998927,0.5296017222820237
Persuasion,0.627556512378902,0.4897739504843919,0.5834230355220668,0.5931108719052745,0.46501614639397204,0.4660925726587729,0.6124865446716901,0.24865446716899897,0.4660925726587729,0.5791173304628633,0.581270182992465,0.2023681377825619,0.5801937567276642,0.49623250807319697,0.4467168998923574,0.5328310010764263,0.4477933261571583,0.25511302475780406,0.6620021528525296,0.620021528525296,0.0,0.3186221743810549,0.5522066738428417,0.4757804090419806,0.2917115177610333,0.48008611410118407,0.5382131324004306,0.5758880516684607,0.6157158234660925,0.488697524219591,0.5898815931108718,0.5834230355220668,0.6027987082884823,0.5801937567276642,0.5801937567276642
PrideandPrejudice,0.6566200215285253,0.5823466092572659,0.5909580193756727,0.5683530678148547,0.4897739504843919,0.4413347685683531,0.6135629709364909,0.23358449946178683,0.5296017222820237,0.5565123789020452,0.5414424111948332,0.24327233584499464,0.5705059203444565,0.5306781485468246,0.4822389666307858,0.5080731969860064,0.4564047362755651,0.25511302475780406,0.6620021528525296,0.5608180839612487,0.3186221743810549,0.0,0.5683530678148547,0.4693218514531755,0.1829924650161464,0.5220667384284177,0.5672766415500539,0.5543595263724435,0.6167922497308934,0.5360602798708288,0.5349838536060281,0.5554359526372443,0.6254036598493002,0.5209903121636168,0.6114101184068892
Romola,0.4348762109795479,0.3401506996770721,0.48654467168998927,0.5145317545748116,0.5489773950484391,0.3573735199138859,0.47147470398277713,0.5941872981700753,0.2960172228202368,0.5252960172228203,0.5339074273412272,0.5672766415500539,0.5575888051668461,0.49407965554359523,0.37459634015069965,0.5618945102260495,0.5231431646932185,0.5543595263724435,0.46501614639397204,0.5016146393972013,0.5522066738428417,0.5683530678148547,0.0,0.5016146393972013,0.5446716899892358,0.3595263724434876,0.4693218514531755,0.49300322927879436,0.5220667384284177,0.38751345532831005,0.4919268030139935,0.4983853606027987,0.5080731969860064,0.503767491926803,0.5048439181916039
Ruth,0.5220667384284177,0.4951560818083961,0.5252960172228203,0.5263724434876211,0.3466092572658773,0.5134553283100107,0.49300322927879436,0.4413347685683531,0.48654467168998927,0.4693218514531755,0.5328310010764263,0.4628632938643703,0.5102260495156081,0.28525296017222823,0.511302475780409,0.488697524219591,0.2669537136706136,0.4628632938643703,0.49946178686759957,0.5306781485468246,0.4757804090419806,0.4693218514531755,0.5016146393972013,0.0,0.433799784714747,0.542518837459634,0.3143164693218514,0.5177610333692142,0.5134553283100107,0.48439181916038754,0.5371367061356297,0.47793326157158234,0.5263724434876211,0.5156081808396125,0.4671689989235738
SenseandSensibility,0.6340150699677072,0.5705059203444565,0.5995694294940797,0.5974165769644779,0.5016146393972013,0.4381054897739505,0.6060279870828849,0.22282023681377827,0.5220667384284177,0.527448869752422,0.5414424111948332,0.2282023681377826,0.5672766415500539,0.5123789020452099,0.4671689989235738,0.5220667384284177,0.4144241119483315,0.24004305705059203,0.673842841765339,0.5705059203444565,0.2917115177610333,0.1829924650161464,0.5446716899892358,0.433799784714747,0.0,0.5414424111948332,0.5306781485468246,0.5554359526372443,0.6178686759956943,0.542518837459634,0.5683530678148547,0.5726587728740582,0.6210979547900969,0.55005382131324,0.6071044133476857
SilasMarner,0.511302475780409,0.26480086114101187,0.49946178686759957,0.542518837459634,0.5457481162540365,0.3928955866523143,0.4854682454251884,0.55005382131324,0.34230355220667386,0.5263724434876211,0.5069967707212055,0.5134553283100107,0.5016146393972013,0.5123789020452099,0.3606027987082885,0.5177610333692142,0.5306781485468246,0.511302475780409,0.48008611410118407,0.48654467168998927,0.48008611410118407,0.5220667384284177,0.3595263724434876,0.542518837459634,0.5414424111948332,0.0,0.5209903121636168,0.5220667384284177,0.5199138858988159,0.30032292787944026,0.5080731969860064,0.5242195909580194,0.5242195909580194,0.5026910656620022,0.5296017222820237
SylviasLovers—Complete,0.4445640473627557,0.4628632938643703,0.4370290635091496,0.5242195909580194,0.39074273412271254,0.6135629709364909,0.4660925726587729,0.5683530678148547,0.5543595263724435,0.48654467168998927,0.5532831001076426,0.5737351991388591,0.49407965554359523,0.26587728740581273,0.6027987082884823,0.5134553283100107,0.3476856835306782,0.5758880516684607,0.41334768568353064,0.5069967707212055,0.5382131324004306,0.5672766415500539,0.4693218514531755,0.3143164693218514,0.5306781485468246,0.5209903121636168,0.0,0.4854682454251884,0.5209903121636168,0.5016146393972013,0.5209903121636168,0.5209903121636168,0.46824542518837464,0.5479009687836383,0.48439181916038754
TheHistoryofHenryEsmondEsqaColonelintheServiceofHerMajestyQueenAnne,0.433799784714747,0.5522066738428417,0.49946178686759957,0.3369214208826695,0.5328310010764263,0.5651237890204521,0.5446716899892358,0.5489773950484391,0.5522066738428417,0.5801937567276642,0.5446716899892358,0.5898815931108718,0.5834230355220668,0.5048439181916039,0.5823466092572659,0.5543595263724435,0.566200215285253,0.6243272335844995,0.48762109795479014,0.5242195909580194,0.5758880516684607,0.5543595263724435,0.49300322927879436,0.5177610333692142,0.5554359526372443,0.5220667384284177,0.4854682454251884,0.0,0.25296017222820233,0.5769644779332616,0.5597416576964478,0.2185145317545748,0.4951560818083961,0.23681377825618943,0.2734122712594187
TheHistoryofPendennis,0.433799784714747,0.5672766415500539,0.46824542518837464,0.29386437029063506,0.5209903121636168,0.6178686759956943,0.4790096878363832,0.6071044133476857,0.5479009687836383,0.5565123789020452,0.5145317545748116,0.6006458557588805,0.5005382131324004,0.566200215285253,0.5575888051668461,0.48008611410118407,0.5898815931108718,0.6210979547900969,0.4241119483315393,0.5059203444564047,0.6157158234660925,0.6167922497308934,0.5220667384284177,0.5134553283100107,0.6178686759956943,0.5199138858988159,0.5209903121636168,0.25296017222820233,0.0,0.5597416576964478,0.5479009687836383,0.19483315392895584,0.3756727664155005,0.2540365984930032,0.16576964477933265
TheMillontheFloss,0.5328310010764263,0.2346609257265877,0.5296017222820237,0.5694294940796556,0.4671689989235738,0.3013993541442411,0.5080731969860064,0.5166846071044133,0.31646932185145316,0.49623250807319697,0.4639397201291712,0.5016146393972013,0.4897739504843919,0.46178686759956944,0.3186221743810549,0.48439181916038754,0.4284176533907428,0.4897739504843919,0.4897739504843919,0.42626480086114105,0.488697524219591,0.5360602798708288,0.38751345532831005,0.48439181916038754,0.542518837459634,0.30032292787944026,0.5016146393972013,0.5769644779332616,0.5597416576964478,0.0,0.49623250807319697,0.5479009687836383,0.5166846071044133,0.5091496232508073,0.542518837459634
TheMysteryofEdwinDrood,0.3466092572658773,0.48331539289558667,0.4273412271259419,0.5102260495156081,0.5349838536060281,0.48762109795479014,0.3702906350914962,0.5489773950484391,0.47685683530678147,0.3304628632938643,0.2863293864370291,0.5823466092572659,0.32938643702906356,0.5446716899892358,0.4639397201291712,0.3853606027987083,0.511302475780409,0.5414424111948332,0.43595263724434874,0.2766415500538213,0.5898815931108718,0.5349838536060281,0.4919268030139935,0.5371367061356297,0.5683530678148547,0.5080731969860064,0.5209903121636168,0.5597416576964478,0.5479009687836383,0.49623250807319697,0.0,0.5586652314316469,0.45102260495156077,0.4951560818083961,0.5489773950484391
TheNewcomesMemoirsofaMostRespectableFamily,0.4854682454251884,0.5597416576964478,0.5339074273412272,0.29386437029063506,0.47147470398277713,0.5608180839612487,0.5177610333692142,0.5608180839612487,0.5231431646932185,0.5683530678148547,0.5403659849300323,0.5920344456404736,0.5640473627556513,0.5134553283100107,0.5618945102260495,0.5091496232508073,0.5285252960172229,0.6081808396124866,0.511302475780409,0.5371367061356297,0.5834230355220668,0.5554359526372443,0.4983853606027987,0.47793326157158234,0.5726587728740582,0.5242195909580194,0.5209903121636168,0.2185145317545748,0.19483315392895584,0.5479009687836383,0.5586652314316469,0.0,0.49407965554359523,0.1733046286329386,0.21097954790096873
ThePickwickPapers,0.356297093649085,0.5392895586652314,0.341227125941873,0.4241119483315393,0.5059203444564047,0.5984930032292788,0.3724434876210979,0.6318622174381054,0.527448869752422,0.44564047362755654,0.4434876210979548,0.6103336921420883,0.3498385360602799,0.5252960172228203,0.55005382131324,0.2949407965554359,0.5898815931108718,0.5758880516684607,0.23896663078579117,0.418729817007535,0.6027987082884823,0.6254036598493002,0.5080731969860064,0.5263724434876211,0.6210979547900969,0.5242195909580194,0.46824542518837464,0.4951560818083961,0.3756727664155005,0.5166846071044133,0.45102260495156077,0.49407965554359523,0.0,0.49946178686759957,0.4155005382131324
TheVirginians,0.49407965554359523,0.5392895586652314,0.503767491926803,0.3670613562970937,0.511302475780409,0.5317545748116255,0.5522066738428417,0.5543595263724435,0.5199138858988159,0.5855758880516684,0.5080731969860064,0.5694294940796556,0.5479009687836383,0.5414424111948332,0.527448869752422,0.49623250807319697,0.5392895586652314,0.5780409041980624,0.5328310010764263,0.48654467168998927,0.5801937567276642,0.5209903121636168,0.503767491926803,0.5156081808396125,0.55005382131324,0.5026910656620022,0.5479009687836383,0.23681377825618943,0.2540365984930032,0.5091496232508073,0.4951560818083961,0.1733046286329386,0.49946178686759957,0.0,0.28417653390742736
VanityFair,0.4564047362755651,0.5608180839612487,0.5166846071044133,0.32938643702906356,0.4822389666307858,0.5974165769644779,0.4467168998923574,0.6114101184068892,0.5457481162540365,0.5489773950484391,0.5285252960172229,0.5866523143164692,0.5511302475780409,0.5382131324004306,0.5479009687836383,0.49085037674919263,0.55005382131324,0.6135629709364909,0.45532831001076424,0.5296017222820237,0.5801937567276642,0.6114101184068892,0.5048439181916039,0.4671689989235738,0.6071044133476857,0.5296017222820237,0.48439181916038754,0.2734122712594187,0.16576964477933265,0.542518837459634,0.5489773950484391,0.21097954790096873,0.4155005382131324,0.28417653390742736,0.0
