,AHouseofGentlefolk,ATaleofTwoCities,AdamBede,BarnabyRudgeATaleoftheRiotsofEighty,CatherineAStory,Cranford,CrimeandPunishment,DanielDeronda,DombeyandSon,Emma,FathersandChildren,FelixHolttheRadical,HardTimes,HarryPotterandtheChamberofSecrets,HarryPotterandtheDeathlyHallows,HarryPotterandtheGobletofFire,HarryPotterandtheHalfBloodPrince,HarryPotterandtheOrderofthePhoenix,HarryPotterandthePhilosophersStone,HarryPotterandthePrisonerofAzkaban,LittleDorrit,MansfieldPark,MartinChuzzlewit,MaryBarton,Middlemarch,NicholasNickleby,NorthandSouth,NorthangerAbbey,OliverTwist,OntheEveANovel,OurMutualFriend,Persuasion,PrideandPrejudice,Romola,RudinANovel,Ruth,SenseandSensibility,SilasMarner,Smoke,SylviasLovers—Complete,TheBrothersKaramazov,TheHistoryofHenryEsmondEsqaColonelintheServiceofHerMajestyQueenAnne,TheHistoryofPendennis,TheIdiot,TheMillontheFloss,TheMysteryofEdwinDrood,TheNewcomesMemoirsofaMostRespectableFamily,ThePickwickPapers,ThePossessedTheDevils,TheVirginians,VanityFair,VirginSoil
AHouseofGentlefolk,0.0,0.4301007556675063,0.44710327455919396,0.4678841309823678,0.5050377833753148,0.4804785894206549,0.3564231738035264,0.49433249370277077,0.45654911838790935,0.45465994962216627,0.21473551637279598,0.5006297229219143,0.42443324937027704,0.47544080604534,0.49685138539042817,0.482367758186398,0.5258186397984886,0.5100755667506297,0.4527707808564232,0.4804785894206549,0.48614609571788414,0.4634760705289672,0.48425692695214106,0.43198992443324935,0.4993702770780857,0.4779596977329975,0.45969773299748107,0.5081863979848866,0.4338790931989924,0.2128463476070529,0.4376574307304786,0.46851385390428213,0.5,0.44395465994962213,0.27455919395466,0.42191435768261965,0.4804785894206549,0.4426952141057935,0.2544080604534005,0.40931989924433254,0.3337531486146096,0.49118387909319894,0.47921914357682616,0.44143576826196473,0.46914357682619645,0.4722921914357683,0.49118387909319894,0.42002518891687657,0.3639798488664987,0.5119647355163728,0.46851385390428213,0.4105793450881612
ATaleofTwoCities,0.4301007556675063,0.0,0.4061712846347607,0.24370277078085645,0.3734256926952141,0.46662468513853905,0.5119647355163728,0.440176322418136,0.2871536523929471,0.47858942065491183,0.4697732997481109,0.3904282115869018,0.3091939546599496,0.5037783375314862,0.48173803526448367,0.4899244332493703,0.4924433249370277,0.506926952141058,0.4949622166246851,0.5025188916876575,0.2764483627204031,0.493073047858942,0.29534005037783373,0.4030226700251889,0.41498740554156166,0.3224181360201511,0.42002518891687657,0.493073047858942,0.27141057934508817,0.4508816120906801,0.28841309823677586,0.4729219143576826,0.5094458438287154,0.3532745591939547,0.464735516372796,0.4030226700251889,0.4748110831234257,0.39987405541561716,0.4256926952141058,0.3690176322418136,0.43891687657430734,0.3595717884130982,0.35453400503778343,0.48173803526448367,0.4238035264483627,0.2720403022670025,0.38539042821158687,0.3091939546599496,0.5094458438287154,0.39231738035264485,0.37720403022670024,0.48425692695214106
AdamBede,0.44710327455919396,0.4061712846347607,0.0,0.40239294710327456,0.4672544080604534,0.4212846347607053,0.47670025188916876,0.3047858942065491,0.39483627204030225,0.4351385390428212,0.4250629722921915,0.3022670025188917,0.37720403022670024,0.5100755667506297,0.5232997481108312,0.5094458438287154,0.5081863979848866,0.489294710327456,0.4829974811083123,0.5081863979848866,0.36712846347607053,0.4206549118387909,0.3910579345088161,0.35264483627204035,0.3073047858942065,0.4086901763224181,0.3709068010075567,0.4357682619647355,0.37468513853904284,0.3935768261964736,0.3658690176322418,0.40176322418136023,0.47921914357682616,0.2827455919395466,0.44962216624685136,0.3885390428211587,0.4559193954659949,0.2399244332493703,0.41750629722921917,0.39168765743073053,0.4338790931989924,0.45151133501259444,0.4584382871536524,0.4955919395465995,0.2178841309823678,0.38224181360201515,0.44710327455919396,0.4534005037783375,0.4622166246851386,0.4363979848866498,0.4697732997481109,0.4848866498740554
BarnabyRudgeATaleoftheRiotsofEighty,0.4678841309823678,0.24370277078085645,0.40239294710327456,0.0,0.37720403022670024,0.45214105793450876,0.5409319899244333,0.44458438287153657,0.2795969773299748,0.47921914357682616,0.5,0.37783375314861456,0.3073047858942065,0.5642317380352645,0.5188916876574308,0.5277078085642317,0.5056675062972292,0.5220403022670026,0.5277078085642317,0.5371536523929471,0.31045340050377834,0.482367758186398,0.2304785894206549,0.35579345088161207,0.4011335012594458,0.23614609571788414,0.40491183879093195,0.44395465994962213,0.22166246851385385,0.48110831234256923,0.3394206549118388,0.4332493702770781,0.457808564231738,0.38727959697732994,0.46662468513853905,0.3866498740554156,0.4426952141057935,0.38727959697732994,0.4508816120906801,0.3494962216624685,0.47670025188916876,0.3935768261964736,0.38539042821158687,0.49622166246851385,0.40994962216624686,0.3261964735516373,0.4061712846347607,0.29848866498740556,0.5314861460957179,0.3935768261964736,0.41750629722921917,0.48362720403022674
CatherineAStory,0.5050377833753148,0.3734256926952141,0.4672544080604534,0.37720403022670024,0.0,0.41246851385390426,0.5239294710327456,0.4974811083123426,0.3879093198992444,0.4829974811083123,0.5006297229219143,0.4426952141057935,0.4301007556675063,0.5535264483627205,0.5654911838790933,0.5654911838790933,0.5661209068010076,0.5799748110831234,0.5717884130982368,0.5843828715365239,0.39483627204030225,0.4949622166246851,0.39420654911838793,0.42443324937027704,0.4477329974811083,0.3885390428211587,0.46158690176322414,0.48110831234256923,0.36712846347607053,0.5182619647355164,0.4061712846347607,0.4798488664987406,0.47544080604534,0.4206549118387909,0.47166246851385385,0.4238035264483627,0.4804785894206549,0.4483627204030227,0.48110831234256923,0.43450881612090675,0.48173803526448367,0.30100755667506296,0.2670025188916877,0.4672544080604534,0.47166246851385385,0.4156171284634761,0.26826196473551633,0.3860201511335013,0.4874055415617129,0.3148614609571788,0.2764483627204031,0.5195214105793451
Cranford,0.4804785894206549,0.46662468513853905,0.4212846347607053,0.45214105793450876,0.41246851385390426,0.0,0.4880352644836272,0.4338790931989924,0.4086901763224181,0.4055415617128464,0.4408060453400504,0.4382871536523929,0.40239294710327456,0.535264483627204,0.5251889168765743,0.5277078085642317,0.5062972292191436,0.5138539042821159,0.5100755667506297,0.551007556675063,0.41939546599496225,0.4105793450881612,0.42443324937027704,0.3438287153652393,0.4357682619647355,0.4156171284634761,0.292191435768262,0.4105793450881612,0.44206549118387906,0.46851385390428213,0.42884130982367763,0.40743073047858946,0.44395465994962213,0.47418136020151136,0.457808564231738,0.31045340050377834,0.4238035264483627,0.46599496221662473,0.4704030226700252,0.3438287153652393,0.46851385390428213,0.44395465994962213,0.4307304785894207,0.4534005037783375,0.40491183879093195,0.44710327455919396,0.39483627204030225,0.4408060453400504,0.4722921914357683,0.41750629722921917,0.40743073047858946,0.47103274559193953
CrimeandPunishment,0.3564231738035264,0.5119647355163728,0.47670025188916876,0.5409319899244333,0.5239294710327456,0.4880352644836272,0.0,0.482367758186398,0.5018891687657431,0.5107052896725441,0.32556675062972296,0.4905541561712846,0.45717884130982367,0.41687657430730474,0.43954659949622166,0.43891687657430734,0.4452141057934509,0.43954659949622166,0.40239294710327456,0.4382871536523929,0.4848866498740554,0.528337531486146,0.48110831234256923,0.5144836272040303,0.49433249370277077,0.5195214105793451,0.45465994962216627,0.5188916876574308,0.5390428211586902,0.3488664987405542,0.44962216624685136,0.5472292191435768,0.517632241813602,0.4981108312342569,0.3343828715365239,0.47858942065491183,0.5182619647355164,0.4993702770780857,0.3419395465994962,0.5365239294710327,0.22921914357682616,0.5554156171284634,0.5081863979848866,0.2997481108312342,0.44647355163727964,0.4924433249370277,0.5081863979848866,0.508816120906801,0.1933249370277078,0.5075566750629723,0.5239294710327456,0.34319899244332497
DanielDeronda,0.49433249370277077,0.440176322418136,0.3047858942065491,0.44458438287153657,0.4974811083123426,0.4338790931989924,0.482367758186398,0.0,0.44143576826196473,0.3885390428211587,0.42254408060453397,0.2128463476070529,0.37216624685138544,0.5761964735516373,0.5547858942065491,0.5711586901763224,0.5535264483627205,0.5503778337531486,0.577455919395466,0.570528967254408,0.3595717884130982,0.3734256926952141,0.4250629722921915,0.4112090680100756,0.20151133501259444,0.40994962216624686,0.3690176322418136,0.37972292191435764,0.45969773299748107,0.41183879093198994,0.39546599496221657,0.3835012594458438,0.3929471032745592,0.29030226700251893,0.4231738035264484,0.40176322418136023,0.3816120906801007,0.3073047858942065,0.4187657430730478,0.5,0.43702770780856426,0.46599496221662473,0.4798488664987406,0.46662468513853905,0.22670025188916876,0.396095717884131,0.4527707808564232,0.4981108312342569,0.45465994962216627,0.4363979848866498,0.48425692695214106,0.4848866498740554
DombeyandSon,0.45654911838790935,0.2871536523929471,0.39483627204030225,0.2795969773299748,0.3879093198992444,0.4086901763224181,0.5018891687657431,0.44143576826196473,0.0,0.489294710327456,0.5037783375314862,0.37468513853904284,0.2625944584382871,0.5308564231738035,0.5094458438287154,0.5138539042821159,0.48110831234256923,0.5044080604534005,0.5,0.5144836272040303,0.25377833753148615,0.4779596977329975,0.24370277078085645,0.4030226700251889,0.40491183879093195,0.3022670025188917,0.4301007556675063,0.42254408060453397,0.29848866498740556,0.47921914357682616,0.2972292191435768,0.4729219143576826,0.48425692695214106,0.39735516372795965,0.489294710327456,0.3790931989924433,0.4672544080604534,0.39231738035264485,0.5012594458438286,0.38979848866498745,0.5182619647355164,0.4458438287153652,0.3866498740554156,0.4275818639798489,0.41183879093198994,0.29534005037783373,0.4212846347607053,0.336272040302267,0.5094458438287154,0.440176322418136,0.38287153652392947,0.46158690176322414
Emma,0.45465994962216627,0.47858942065491183,0.4351385390428212,0.47921914357682616,0.4829974811083123,0.4055415617128464,0.5107052896725441,0.3885390428211587,0.489294710327456,0.0,0.45214105793450876,0.42695214105793455,0.41435768261964734,0.6586901763224181,0.6328715365239295,0.6486146095717884,0.6177581863979849,0.6366498740554156,0.6322418136020151,0.6656171284634761,0.4005037783375315,0.17254408060453397,0.44710327455919396,0.40743073047858946,0.38224181360201515,0.4231738035264484,0.353904282115869,0.25,0.5226700251889169,0.41246851385390426,0.42695214105793455,0.20214105793450876,0.2002518891687658,0.48362720403022674,0.39420654911838793,0.3633501259445844,0.1908060453400504,0.45654911838790935,0.43954659949622166,0.4634760705289672,0.4483627204030227,0.45465994962216627,0.48362720403022674,0.4338790931989924,0.4275818639798489,0.42947103274559195,0.4458438287153652,0.5245591939546599,0.457808564231738,0.43198992443324935,0.49685138539042817,0.5749370277078085
FathersandChildren,0.21473551637279598,0.4697732997481109,0.4250629722921915,0.5,0.5006297229219143,0.4408060453400504,0.32556675062972296,0.42254408060453397,0.5037783375314862,0.45214105793450876,0.0,0.45654911838790935,0.4426952141057935,0.48425692695214106,0.48866498740554154,0.4955919395465995,0.5270780856423174,0.5138539042821159,0.482367758186398,0.49433249370277077,0.4804785894206549,0.4609571788413098,0.4924433249370277,0.45465994962216627,0.457808564231738,0.4779596977329975,0.45717884130982367,0.47544080604534,0.4874055415617129,0.21473551637279598,0.4508816120906801,0.46851385390428213,0.49433249370277077,0.457808564231738,0.21977329974811088,0.44206549118387906,0.4704030226700252,0.4552896725440806,0.21599496221662473,0.46410579345088165,0.3066750629722922,0.5056675062972292,0.4924433249370277,0.4206549118387909,0.42884130982367763,0.4653652392947103,0.48677581863979846,0.4748110831234257,0.3192695214105793,0.5006297229219143,0.4905541561712846,0.36712846347607053
FelixHolttheRadical,0.5006297229219143,0.3904282115869018,0.3022670025188917,0.37783375314861456,0.4426952141057935,0.4382871536523929,0.4905541561712846,0.2128463476070529,0.37468513853904284,0.42695214105793455,0.45654911838790935,0.0,0.34571788413098237,0.5629722921914357,0.5491183879093199,0.5736775818639799,0.5308564231738035,0.5465994962216625,0.5875314861460957,0.5806045340050379,0.3161209068010076,0.40239294710327456,0.3658690176322418,0.3935768261964736,0.20843828715365242,0.35264483627204035,0.38035264483627207,0.37972292191435764,0.39231738035264485,0.47607052896725444,0.36964735516372793,0.37531486146095716,0.4307304785894207,0.26322418136020154,0.4408060453400504,0.3709068010075567,0.413727959697733,0.2871536523929471,0.4552896725440806,0.4477329974811083,0.457808564231738,0.4458438287153652,0.42002518891687657,0.4735516372795969,0.24118387909319894,0.371536523929471,0.41246851385390426,0.4326196473551638,0.4672544080604534,0.4036523929471033,0.4351385390428212,0.49874055415617125
HardTimes,0.42443324937027704,0.3091939546599496,0.37720403022670024,0.3073047858942065,0.4301007556675063,0.40239294710327456,0.45717884130982367,0.37216624685138544,0.2625944584382871,0.41435768261964734,0.4426952141057935,0.34571788413098237,0.0,0.5730478589420656,0.542191435768262,0.5522670025188917,0.5270780856423174,0.5365239294710327,0.5390428211586902,0.5516372795969773,0.2027707808564232,0.41183879093198994,0.2506297229219143,0.39231738035264485,0.3614609571788413,0.2972292191435768,0.3664987405541562,0.4130982367758187,0.3387909319899244,0.4338790931989924,0.22732997481108308,0.43136020151133503,0.4338790931989924,0.4187657430730478,0.41183879093198994,0.3564231738035264,0.4030226700251889,0.4112090680100756,0.44206549118387906,0.389168765743073,0.4275818639798489,0.45465994962216627,0.4250629722921915,0.4080604534005038,0.3841309823677582,0.24307304785894202,0.4338790931989924,0.371536523929471,0.45214105793450876,0.4376574307304786,0.43450881612090675,0.457808564231738
HarryPotterandtheChamberofSecrets,0.47544080604534,0.5037783375314862,0.5100755667506297,0.5642317380352645,0.5535264483627205,0.535264483627204,0.41687657430730474,0.5761964735516373,0.5308564231738035,0.6586901763224181,0.48425692695214106,0.5629722921914357,0.5730478589420656,0.0,0.1782115869017632,0.1536523929471033,0.2399244332493703,0.19206549118387906,0.17947103274559195,0.14042821158690177,0.5768261964735517,0.6467254408060453,0.5692695214105794,0.5484886649874056,0.5724181360201511,0.5944584382871536,0.5717884130982368,0.6505037783375315,0.5125944584382871,0.49874055415617125,0.551007556675063,0.6379093198992443,0.6857682619647355,0.5182619647355164,0.5289672544080605,0.5673803526448362,0.6605793450881612,0.5346347607052897,0.5094458438287154,0.5201511335012594,0.493073047858942,0.5812342569269522,0.5736775818639799,0.48866498740554154,0.5125944584382871,0.5314861460957179,0.5900503778337531,0.5056675062972292,0.493073047858942,0.6020151133501259,0.5566750629722922,0.4263224181360201
HarryPotterandtheDeathlyHallows,0.49685138539042817,0.48173803526448367,0.5232997481108312,0.5188916876574308,0.5654911838790933,0.5251889168765743,0.43954659949622166,0.5547858942065491,0.5094458438287154,0.6328715365239295,0.48866498740554154,0.5491183879093199,0.542191435768262,0.1782115869017632,0.0,0.16435768261964734,0.1656171284634761,0.1555415617128464,0.23614609571788414,0.17632241813602012,0.5377833753148615,0.6272040302267002,0.5321158690176322,0.5396725440806045,0.5667506297229219,0.5321158690176322,0.5428211586901763,0.6152392947103275,0.49433249370277077,0.48677581863979846,0.5163727959697733,0.6095717884130982,0.6473551637279598,0.5264483627204031,0.5396725440806045,0.551007556675063,0.6322418136020151,0.5226700251889169,0.4899244332493703,0.49622166246851385,0.49685138539042817,0.5547858942065491,0.5661209068010076,0.4829974811083123,0.5006297229219143,0.5025188916876575,0.5818639798488665,0.4773299748110831,0.5050377833753148,0.5755667506297228,0.5522670025188917,0.4181360201511335
HarryPotterandtheGobletofFire,0.482367758186398,0.4899244332493703,0.5094458438287154,0.5277078085642317,0.5654911838790933,0.5277078085642317,0.43891687657430734,0.5711586901763224,0.5138539042821159,0.6486146095717884,0.4955919395465995,0.5736775818639799,0.5522670025188917,0.1536523929471033,0.16435768261964734,0.0,0.20403022670025184,0.15491183879093195,0.2153652392947103,0.13539042821158687,0.542191435768262,0.6265743073047859,0.5472292191435768,0.551007556675063,0.5850125944584383,0.5724181360201511,0.577455919395466,0.619647355163728,0.49622166246851385,0.5125944584382871,0.5522670025188917,0.619647355163728,0.6542821158690176,0.5270780856423174,0.528337531486146,0.5780856423173804,0.6442065491183879,0.528337531486146,0.5119647355163728,0.5037783375314862,0.5075566750629723,0.5724181360201511,0.577455919395466,0.47858942065491183,0.5226700251889169,0.533375314861461,0.5963476070528968,0.49622166246851385,0.5025188916876575,0.5988664987405541,0.5604534005037783,0.4508816120906801
HarryPotterandtheHalfBloodPrince,0.5258186397984886,0.4924433249370277,0.5081863979848866,0.5056675062972292,0.5661209068010076,0.5062972292191436,0.4452141057934509,0.5535264483627205,0.48110831234256923,0.6177581863979849,0.5270780856423174,0.5308564231738035,0.5270780856423174,0.2399244332493703,0.1656171284634761,0.20403022670025184,0.0,0.1681360201511335,0.2594458438287154,0.21410579345088165,0.5182619647355164,0.5988664987405541,0.49181360201511337,0.5415617128463477,0.5447103274559194,0.5037783375314862,0.5371536523929471,0.5522670025188917,0.47607052896725444,0.5157430730478589,0.5062972292191436,0.586272040302267,0.6221662468513853,0.5591939546599496,0.5390428211586902,0.5541561712846348,0.6127204030226701,0.5258186397984886,0.5232997481108312,0.49622166246851385,0.5157430730478589,0.5629722921914357,0.5604534005037783,0.4231738035264484,0.4829974811083123,0.49118387909319894,0.5875314861460957,0.46851385390428213,0.4899244332493703,0.5617128463476071,0.5617128463476071,0.3910579345088161
HarryPotterandtheOrderofthePhoenix,0.5100755667506297,0.506926952141058,0.489294710327456,0.5220403022670026,0.5799748110831234,0.5138539042821159,0.43954659949622166,0.5503778337531486,0.5044080604534005,0.6366498740554156,0.5138539042821159,0.5465994962216625,0.5365239294710327,0.19206549118387906,0.1555415617128464,0.15491183879093195,0.1681360201511335,0.0,0.232367758186398,0.17695214105793455,0.5289672544080605,0.6070528967254408,0.528337531486146,0.542191435768262,0.5522670025188917,0.5522670025188917,0.551007556675063,0.6013853904282116,0.49370277078085645,0.4974811083123426,0.5220403022670026,0.6026448362720402,0.6397984886649875,0.5428211586901763,0.5428211586901763,0.5761964735516373,0.6416876574307304,0.5081863979848866,0.5094458438287154,0.5006297229219143,0.5182619647355164,0.5843828715365239,0.5894206549118388,0.4628463476070529,0.493073047858942,0.506926952141058,0.5976070528967254,0.4848866498740554,0.4924433249370277,0.5799748110831234,0.5736775818639799,0.41687657430730474
HarryPotterandthePhilosophersStone,0.4527707808564232,0.4949622166246851,0.4829974811083123,0.5277078085642317,0.5717884130982368,0.5100755667506297,0.40239294710327456,0.577455919395466,0.5,0.6322418136020151,0.482367758186398,0.5875314861460957,0.5390428211586902,0.17947103274559195,0.23614609571788414,0.2153652392947103,0.2594458438287154,0.232367758186398,0.0,0.18450881612090675,0.5604534005037783,0.6454659949622166,0.5472292191435768,0.5144836272040303,0.5818639798488665,0.5698992443324937,0.5258186397984886,0.6171284634760705,0.48425692695214106,0.4433249370277078,0.5346347607052897,0.6341309823677581,0.656801007556675,0.528337531486146,0.5245591939546599,0.5465994962216625,0.6479848866498741,0.5289672544080605,0.4993702770780857,0.4880352644836272,0.47858942065491183,0.5680100755667506,0.5780856423173804,0.45151133501259444,0.5226700251889169,0.5258186397984886,0.570528967254408,0.4905541561712846,0.46662468513853905,0.5881612090680101,0.5692695214105794,0.3935768261964736
HarryPotterandthePrisonerofAzkaban,0.4804785894206549,0.5025188916876575,0.5081863979848866,0.5371536523929471,0.5843828715365239,0.551007556675063,0.4382871536523929,0.570528967254408,0.5144836272040303,0.6656171284634761,0.49433249370277077,0.5806045340050379,0.5516372795969773,0.14042821158690177,0.17632241813602012,0.13539042821158687,0.21410579345088165,0.17695214105793455,0.18450881612090675,0.0,0.551007556675063,0.6580604534005038,0.5453400503778337,0.5554156171284634,0.5963476070528968,0.5680100755667506,0.5925692695214106,0.6511335012594459,0.4949622166246851,0.4993702770780857,0.5251889168765743,0.6593198992443325,0.6895465994962217,0.5484886649874056,0.5579345088161209,0.593198992443325,0.6801007556675063,0.5484886649874056,0.5163727959697733,0.5214105793450882,0.5107052896725441,0.593198992443325,0.5894206549118388,0.482367758186398,0.517632241813602,0.5258186397984886,0.6152392947103275,0.4905541561712846,0.5056675062972292,0.6190176322418136,0.586272040302267,0.4458438287153652
LittleDorrit,0.48614609571788414,0.2764483627204031,0.36712846347607053,0.31045340050377834,0.39483627204030225,0.41939546599496225,0.4848866498740554,0.3595717884130982,0.25377833753148615,0.4005037783375315,0.4804785894206549,0.3161209068010076,0.2027707808564232,0.5768261964735517,0.5377833753148615,0.542191435768262,0.5182619647355164,0.5289672544080605,0.5604534005037783,0.551007556675063,0.0,0.39735516372795965,0.21473551637279598,0.4105793450881612,0.3142317380352645,0.26385390428211586,0.396095717884131,0.40428211586901763,0.3293450881612091,0.47166246851385385,0.2204030226700252,0.4206549118387909,0.41498740554156166,0.4080604534005038,0.46158690176322414,0.38287153652392947,0.40176322418136023,0.38224181360201515,0.464735516372796,0.42695214105793455,0.45717884130982367,0.41498740554156166,0.3809823677581864,0.4256926952141058,0.35831234256926947,0.22732997481108308,0.4005037783375315,0.3620906801007556,0.4773299748110831,0.37972292191435764,0.3992443324937027,0.4748110831234257
MansfieldPark,0.4634760705289672,0.493073047858942,0.4206549118387909,0.482367758186398,0.4949622166246851,0.4105793450881612,0.528337531486146,0.3734256926952141,0.4779596977329975,0.17254408060453397,0.4609571788413098,0.40239294710327456,0.41183879093198994,0.6467254408060453,0.6272040302267002,0.6265743073047859,0.5988664987405541,0.6070528967254408,0.6454659949622166,0.6580604534005038,0.39735516372795965,0.0,0.4307304785894207,0.4433249370277078,0.34508816120906805,0.4181360201511335,0.37027707808564236,0.19962216624685136,0.5232997481108312,0.44710327455919396,0.4502518891687658,0.16750629722921917,0.2229219143576826,0.4634760705289672,0.4357682619647355,0.3734256926952141,0.19710327455919396,0.4181360201511335,0.4634760705289672,0.4798488664987406,0.45906801007556675,0.4804785894206549,0.4779596977329975,0.45717884130982367,0.3979848866498741,0.45151133501259444,0.4697732997481109,0.5050377833753148,0.46914357682619645,0.4452141057934509,0.4804785894206549,0.5736775818639799
MartinChuzzlewit,0.48425692695214106,0.29534005037783373,0.3910579345088161,0.2304785894206549,0.39420654911838793,0.42443324937027704,0.48110831234256923,0.4250629722921915,0.24370277078085645,0.44710327455919396,0.4924433249370277,0.3658690176322418,0.2506297229219143,0.5692695214105794,0.5321158690176322,0.5472292191435768,0.49181360201511337,0.528337531486146,0.5472292191435768,0.5453400503778337,0.21473551637279598,0.4307304785894207,0.0,0.39420654911838793,0.3532745591939547,0.22858942065491183,0.39546599496221657,0.40931989924433254,0.28841309823677586,0.4773299748110831,0.26574307304785894,0.4250629722921915,0.43702770780856426,0.4256926952141058,0.46851385390428213,0.37468513853904284,0.42191435768261965,0.3910579345088161,0.48110831234256923,0.39546599496221657,0.4408060453400504,0.44143576826196473,0.37468513853904284,0.42002518891687657,0.38287153652392947,0.24874055415617125,0.413727959697733,0.30541561712846343,0.48110831234256923,0.3992443324937027,0.4181360201511335,0.4697732997481109
MaryBarton,0.43198992443324935,0.4030226700251889,0.35264483627204035,0.35579345088161207,0.42443324937027704,0.3438287153652393,0.5144836272040303,0.4112090680100756,0.4030226700251889,0.40743073047858946,0.45465994962216627,0.3935768261964736,0.39231738035264485,0.5484886649874056,0.5396725440806045,0.551007556675063,0.5415617128463477,0.542191435768262,0.5144836272040303,0.5554156171284634,0.4105793450881612,0.4433249370277078,0.39420654911838793,0.0,0.40428211586901763,0.38539042821158687,0.24685138539042817,0.4382871536523929,0.3589420654911839,0.40994962216624686,0.4080604534005038,0.396095717884131,0.43954659949622166,0.4011335012594458,0.4452141057934509,0.22418136020151136,0.4156171284634761,0.39987405541561716,0.4382871536523929,0.22418136020151136,0.4559193954659949,0.3992443324937027,0.4408060453400504,0.4855163727959698,0.3658690176322418,0.4187657430730478,0.4055415617128464,0.4363979848866498,0.5006297229219143,0.42695214105793455,0.4282115869017632,0.5107052896725441
Middlemarch,0.4993702770780857,0.41498740554156166,0.3073047858942065,0.4011335012594458,0.4477329974811083,0.4357682619647355,0.49433249370277077,0.20151133501259444,0.40491183879093195,0.38224181360201515,0.457808564231738,0.20843828715365242,0.3614609571788413,0.5724181360201511,0.5667506297229219,0.5850125944584383,0.5447103274559194,0.5522670025188917,0.5818639798488665,0.5963476070528968,0.3142317380352645,0.34508816120906805,0.3532745591939547,0.40428211586901763,0.0,0.3513853904282116,0.38727959697732994,0.3664987405541562,0.4181360201511335,0.4458438287153652,0.3469773299748111,0.353904282115869,0.3935768261964736,0.29848866498740556,0.42443324937027704,0.3841309823677582,0.3709068010075567,0.2877833753148614,0.42884130982367763,0.4798488664987406,0.44899244332493704,0.4559193954659949,0.42191435768261965,0.4382871536523929,0.2449622166246851,0.36020151133501255,0.42884130982367763,0.44206549118387906,0.4622166246851386,0.40680100755667503,0.4351385390428212,0.48425692695214106
NicholasNickleby,0.4779596977329975,0.3224181360201511,0.4086901763224181,0.23614609571788414,0.3885390428211587,0.4156171284634761,0.5195214105793451,0.40994962216624686,0.3022670025188917,0.4231738035264484,0.4779596977329975,0.35264483627204035,0.2972292191435768,0.5944584382871536,0.5321158690176322,0.5724181360201511,0.5037783375314862,0.5522670025188917,0.5698992443324937,0.5680100755667506,0.26385390428211586,0.4181360201511335,0.22858942065491183,0.38539042821158687,0.3513853904282116,0.0,0.371536523929471,0.39735516372795965,0.25818639798488663,0.4829974811083123,0.2991183879093199,0.3992443324937027,0.40176322418136023,0.4351385390428212,0.45906801007556675,0.360831234256927,0.39483627204030225,0.38979848866498745,0.464735516372796,0.4105793450881612,0.4552896725440806,0.4231738035264484,0.36460957178841313,0.4332493702770781,0.37783375314861456,0.3022670025188917,0.3866498740554156,0.26385390428211586,0.4855163727959698,0.37972292191435764,0.37972292191435764,0.4697732997481109
NorthandSouth,0.45969773299748107,0.42002518891687657,0.3709068010075567,0.40491183879093195,0.46158690176322414,0.292191435768262,0.45465994962216627,0.3690176322418136,0.4301007556675063,0.353904282115869,0.45717884130982367,0.38035264483627207,0.3664987405541562,0.5717884130982368,0.5428211586901763,0.577455919395466,0.5371536523929471,0.551007556675063,0.5258186397984886,0.5925692695214106,0.396095717884131,0.37027707808564236,0.39546599496221657,0.24685138539042817,0.38727959697732994,0.371536523929471,0.0,0.3595717884130982,0.40994962216624686,0.4206549118387909,0.38476070528967254,0.36272040302267006,0.38476070528967254,0.4206549118387909,0.413727959697733,0.21599496221662473,0.34823677581863977,0.42443324937027704,0.4231738035264484,0.28085642317380355,0.413727959697733,0.4351385390428212,0.44962216624685136,0.41939546599496225,0.35453400503778343,0.3879093198992444,0.4061712846347607,0.4704030226700252,0.44647355163727964,0.4030226700251889,0.4357682619647355,0.45465994962216627
NorthangerAbbey,0.5081863979848866,0.493073047858942,0.4357682619647355,0.44395465994962213,0.48110831234256923,0.4105793450881612,0.5188916876574308,0.37972292191435764,0.42254408060453397,0.25,0.47544080604534,0.37972292191435764,0.4130982367758187,0.6505037783375315,0.6152392947103275,0.619647355163728,0.5522670025188917,0.6013853904282116,0.6171284634760705,0.6511335012594459,0.40428211586901763,0.19962216624685136,0.40931989924433254,0.4382871536523929,0.3664987405541562,0.39735516372795965,0.3595717884130982,0.0,0.4993702770780857,0.4798488664987406,0.464735516372796,0.21599496221662473,0.22544080604534,0.4609571788413098,0.46851385390428213,0.38035264483627207,0.20906801007556675,0.4332493702770781,0.482367758186398,0.482367758186398,0.48173803526448367,0.5037783375314862,0.4829974811083123,0.4086901763224181,0.4036523929471033,0.4338790931989924,0.4748110831234257,0.4855163727959698,0.44899244332493704,0.4534005037783375,0.49118387909319894,0.5258186397984886
OliverTwist,0.4338790931989924,0.27141057934508817,0.37468513853904284,0.22166246851385385,0.36712846347607053,0.44206549118387906,0.5390428211586902,0.45969773299748107,0.29848866498740556,0.5226700251889169,0.4874055415617129,0.39231738035264485,0.3387909319899244,0.5125944584382871,0.49433249370277077,0.49622166246851385,0.47607052896725444,0.49370277078085645,0.48425692695214106,0.4949622166246851,0.3293450881612091,0.5232997481108312,0.28841309823677586,0.3589420654911839,0.4181360201511335,0.25818639798488663,0.40994962216624686,0.4993702770780857,0.0,0.48425692695214106,0.33501259445843834,0.4949622166246851,0.5157430730478589,0.37279596977329976,0.5012594458438286,0.3809823677581864,0.5031486146095718,0.37783375314861456,0.47103274559193953,0.34319899244332497,0.49622166246851385,0.3879093198992444,0.3589420654911839,0.508816120906801,0.4011335012594458,0.3444584382871536,0.40176322418136023,0.21599496221662473,0.5289672544080605,0.41498740554156166,0.3765743073047859,0.4905541561712846
OntheEveANovel,0.2128463476070529,0.4508816120906801,0.3935768261964736,0.48110831234256923,0.5182619647355164,0.46851385390428213,0.3488664987405542,0.41183879093198994,0.47921914357682616,0.41246851385390426,0.21473551637279598,0.47607052896725444,0.4338790931989924,0.49874055415617125,0.48677581863979846,0.5125944584382871,0.5157430730478589,0.4974811083123426,0.4433249370277078,0.4993702770780857,0.47166246851385385,0.44710327455919396,0.4773299748110831,0.40994962216624686,0.4458438287153652,0.4829974811083123,0.4206549118387909,0.4798488664987406,0.48425692695214106,0.0,0.4187657430730478,0.4508816120906801,0.47418136020151136,0.42443324937027704,0.26133501259445846,0.3967254408060453,0.45403022670025184,0.4508816120906801,0.22607052896725444,0.4238035264483627,0.3161209068010076,0.4722921914357683,0.482367758186398,0.4326196473551638,0.39735516372795965,0.44206549118387906,0.45151133501259444,0.46851385390428213,0.33249370277078083,0.45717884130982367,0.47103274559193953,0.37972292191435764
OurMutualFriend,0.4376574307304786,0.28841309823677586,0.3658690176322418,0.3394206549118388,0.4061712846347607,0.42884130982367763,0.44962216624685136,0.39546599496221657,0.2972292191435768,0.42695214105793455,0.4508816120906801,0.36964735516372793,0.22732997481108308,0.551007556675063,0.5163727959697733,0.5522670025188917,0.5062972292191436,0.5220403022670026,0.5346347607052897,0.5251889168765743,0.2204030226700252,0.4502518891687658,0.26574307304785894,0.4080604534005038,0.3469773299748111,0.2991183879093199,0.38476070528967254,0.464735516372796,0.33501259445843834,0.4187657430730478,0.0,0.46410579345088165,0.43198992443324935,0.3986146095717884,0.42884130982367763,0.40680100755667503,0.4363979848866498,0.38979848866498745,0.42254408060453397,0.4086901763224181,0.42443324937027704,0.4231738035264484,0.39546599496221657,0.4055415617128464,0.35012594458438284,0.2103274559193955,0.41939546599496225,0.36712846347607053,0.45214105793450876,0.38287153652392947,0.4282115869017632,0.45151133501259444
Persuasion,0.46851385390428213,0.4729219143576826,0.40176322418136023,0.4332493702770781,0.4798488664987406,0.40743073047858946,0.5472292191435768,0.3835012594458438,0.4729219143576826,0.20214105793450876,0.46851385390428213,0.37531486146095716,0.43136020151133503,0.6379093198992443,0.6095717884130982,0.619647355163728,0.586272040302267,0.6026448362720402,0.6341309823677581,0.6593198992443325,0.4206549118387909,0.16750629722921917,0.4250629722921915,0.396095717884131,0.353904282115869,0.3992443324937027,0.36272040302267006,0.21599496221662473,0.4949622166246851,0.4508816120906801,0.46410579345088165,0.0,0.256926952141058,0.4408060453400504,0.44710327455919396,0.371536523929471,0.23173803526448367,0.39231738035264485,0.4508816120906801,0.4408060453400504,0.48677581863979846,0.4603274559193955,0.46914357682619645,0.45906801007556675,0.3929471032745592,0.44143576826196473,0.4552896725440806,0.48173803526448367,0.489294710327456,0.4458438287153652,0.46158690176322414,0.5566750629722922
PrideandPrejudice,0.5,0.5094458438287154,0.47921914357682616,0.457808564231738,0.47544080604534,0.44395465994962213,0.517632241813602,0.3929471032745592,0.48425692695214106,0.2002518891687658,0.49433249370277077,0.4307304785894207,0.4338790931989924,0.6857682619647355,0.6473551637279598,0.6542821158690176,0.6221662468513853,0.6397984886649875,0.656801007556675,0.6895465994962217,0.41498740554156166,0.2229219143576826,0.43702770780856426,0.43954659949622166,0.3935768261964736,0.40176322418136023,0.38476070528967254,0.22544080604534,0.5157430730478589,0.47418136020151136,0.43198992443324935,0.256926952141058,0.0,0.4634760705289672,0.4502518891687658,0.3866498740554156,0.1580604534005038,0.4408060453400504,0.4773299748110831,0.4748110831234257,0.4628463476070529,0.4603274559193955,0.48362720403022674,0.4477329974811083,0.4483627204030227,0.4181360201511335,0.44458438287153657,0.5151133501259446,0.47166246851385385,0.40931989924433254,0.4905541561712846,0.5547858942065491
Romola,0.44395465994962213,0.3532745591939547,0.2827455919395466,0.38727959697732994,0.4206549118387909,0.47418136020151136,0.4981108312342569,0.29030226700251893,0.39735516372795965,0.48362720403022674,0.457808564231738,0.26322418136020154,0.4187657430730478,0.5182619647355164,0.5264483627204031,0.5270780856423174,0.5591939546599496,0.5428211586901763,0.528337531486146,0.5484886649874056,0.4080604534005038,0.4634760705289672,0.4256926952141058,0.4011335012594458,0.29848866498740556,0.4351385390428212,0.4206549118387909,0.4609571788413098,0.37279596977329976,0.42443324937027704,0.3986146095717884,0.4408060453400504,0.4634760705289672,0.0,0.43891687657430734,0.40176322418136023,0.4433249370277078,0.2915617128463476,0.4030226700251889,0.39987405541561716,0.44395465994962213,0.413727959697733,0.41939546599496225,0.5239294710327456,0.3217884130982368,0.3910579345088161,0.4112090680100756,0.42695214105793455,0.4855163727959698,0.41750629722921917,0.413727959697733,0.5006297229219143
RudinANovel,0.27455919395466,0.464735516372796,0.44962216624685136,0.46662468513853905,0.47166246851385385,0.457808564231738,0.3343828715365239,0.4231738035264484,0.489294710327456,0.39420654911838793,0.21977329974811088,0.4408060453400504,0.41183879093198994,0.5289672544080605,0.5396725440806045,0.528337531486146,0.5390428211586902,0.5428211586901763,0.5245591939546599,0.5579345088161209,0.46158690176322414,0.4357682619647355,0.46851385390428213,0.4452141057934509,0.42443324937027704,0.45906801007556675,0.413727959697733,0.46851385390428213,0.5012594458438286,0.26133501259445846,0.42884130982367763,0.44710327455919396,0.4502518891687658,0.43891687657430734,0.0,0.4231738035264484,0.43891687657430734,0.464735516372796,0.25377833753148615,0.4722921914357683,0.30289672544080604,0.48614609571788414,0.48110831234256923,0.36775818639798485,0.4275818639798489,0.4282115869017632,0.4408060453400504,0.4855163727959698,0.30289672544080604,0.4502518891687658,0.48362720403022674,0.3664987405541562
Ruth,0.42191435768261965,0.4030226700251889,0.3885390428211587,0.3866498740554156,0.4238035264483627,0.31045340050377834,0.47858942065491183,0.40176322418136023,0.3790931989924433,0.3633501259445844,0.44206549118387906,0.3709068010075567,0.3564231738035264,0.5673803526448362,0.551007556675063,0.5780856423173804,0.5541561712846348,0.5761964735516373,0.5465994962216625,0.593198992443325,0.38287153652392947,0.3734256926952141,0.37468513853904284,0.22418136020151136,0.3841309823677582,0.360831234256927,0.21599496221662473,0.38035264483627207,0.3809823677581864,0.3967254408060453,0.40680100755667503,0.371536523929471,0.3866498740554156,0.40176322418136023,0.4231738035264484,0.0,0.3513853904282116,0.42884130982367763,0.4363979848866498,0.26133501259445846,0.4332493702770781,0.4030226700251889,0.39420654911838793,0.4502518891687658,0.3809823677581864,0.4061712846347607,0.3740554156171285,0.4206549118387909,0.4552896725440806,0.39420654911838793,0.38476070528967254,0.4880352644836272
SenseandSensibility,0.4804785894206549,0.4748110831234257,0.4559193954659949,0.4426952141057935,0.4804785894206549,0.4238035264483627,0.5182619647355164,0.3816120906801007,0.4672544080604534,0.1908060453400504,0.4704030226700252,0.413727959697733,0.4030226700251889,0.6605793450881612,0.6322418136020151,0.6442065491183879,0.6127204030226701,0.6416876574307304,0.6479848866498741,0.6801007556675063,0.40176322418136023,0.19710327455919396,0.42191435768261965,0.4156171284634761,0.3709068010075567,0.39483627204030225,0.34823677581863977,0.20906801007556675,0.5031486146095718,0.45403022670025184,0.4363979848866498,0.23173803526448367,0.1580604534005038,0.4433249370277078,0.43891687657430734,0.3513853904282116,0.0,0.4408060453400504,0.4603274559193955,0.4433249370277078,0.45214105793450876,0.4363979848866498,0.46851385390428213,0.43954659949622166,0.4332493702770781,0.4301007556675063,0.44143576826196473,0.49874055415617125,0.47103274559193953,0.4206549118387909,0.47544080604534,0.5591939546599496
SilasMarner,0.4426952141057935,0.39987405541561716,0.2399244332493703,0.38727959697732994,0.4483627204030227,0.46599496221662473,0.4993702770780857,0.3073047858942065,0.39231738035264485,0.45654911838790935,0.4552896725440806,0.2871536523929471,0.4112090680100756,0.5346347607052897,0.5226700251889169,0.528337531486146,0.5258186397984886,0.5081863979848866,0.5289672544080605,0.5484886649874056,0.38224181360201515,0.4181360201511335,0.3910579345088161,0.39987405541561716,0.2877833753148614,0.38979848866498745,0.42443324937027704,0.4332493702770781,0.37783375314861456,0.4508816120906801,0.38979848866498745,0.39231738035264485,0.4408060453400504,0.2915617128463476,0.464735516372796,0.42884130982367763,0.4408060453400504,0.0,0.4156171284634761,0.4338790931989924,0.464735516372796,0.43450881612090675,0.42443324937027704,0.5062972292191436,0.24937027707808568,0.39987405541561716,0.4256926952141058,0.4282115869017632,0.5031486146095718,0.4181360201511335,0.4408060453400504,0.5018891687657431
