,ATaleofTwoCities,AdamBede,BarnabyRudgeATaleoftheRiotsofEighty,CatherineAStory,Cranford,DanielDeronda,DombeyandSon,Emma,FelixHolttheRadical,HardTimes,HarryPotterandtheChamberofSecrets,HarryPotterandtheDeathlyHallows,HarryPotterandtheGobletofFire,HarryPotterandtheHalfBloodPrince,HarryPotterandtheOrderofthePhoenix,HarryPotterandthePhilosophersStone,HarryPotterandthePrisonerofAzkaban,LittleDorrit,MansfieldPark,MartinChuzzlewit,MaryBarton,Middlemarch,NicholasNickleby,NorthandSouth,NorthangerAbbey,OliverTwist,OurMutualFriend,Persuasion,PrideandPrejudice,Romola,Ruth,SenseandSensibility,SilasMarner,SylviasLovers—Complete,TheHistoryofHenryEsmondEsqaColonelintheServiceofHerMajestyQueenAnne,TheHistoryofPendennis,TheMillontheFloss,TheMysteryofEdwinDrood,TheNewcomesMemoirsofaMostRespectableFamily,ThePickwickPapers,TheVirginians,VanityFair
ATaleofTwoCities,0.0,0.459307010475423,0.28364222401289285,0.42062852538275586,0.5318291700241741,0.5028203062046737,0.3247381144238517,0.5229653505237711,0.4601128122481869,0.3448831587429493,0.5076551168412571,0.4931506849315068,0.49476228847703463,0.5100725221595488,0.5229653505237711,0.5068493150684932,0.508460918614021,0.30781627719580984,0.5495568090249798,0.33360193392425463,0.4601128122481869,0.46978243352135374,0.36905721192586627,0.4786462530217567,0.5471394037066881,0.3158742949234489,0.3199033037872683,0.5302175664786463,0.5592264302981467,0.39484286865431106,0.44963738920225627,0.5278001611603546,0.4649476228847703,0.41498791297340853,0.4053182917002417,0.39564867042707497,0.4899274778404512,0.30620467365028203,0.427880741337631,0.3473005640612409,0.44157937147461723,0.41821112006446415
AdamBede,0.459307010475423,0.0,0.4560838033843675,0.5205479452054795,0.47139403706688154,0.33440773569701854,0.44963738920225627,0.4601128122481869,0.33521353746978244,0.42143432715551976,0.5124899274778405,0.539887187751813,0.523771152296535,0.523771152296535,0.5100725221595488,0.484286865431104,0.5157131345688961,0.41337630942788073,0.44802578565672846,0.45044319097502017,0.39000805801772764,0.3279613215149073,0.4657534246575342,0.4053182917002417,0.4665592264302981,0.4343271555197421,0.39564867042707497,0.4327155519742143,0.5124899274778405,0.30539887187751813,0.44157937147461723,0.49637389202256244,0.24738114423851731,0.44480257856567285,0.49717969379532634,0.500402900886382,0.23287671232876717,0.4294923448831588,0.5012087026591459,0.5028203062046737,0.4818694601128123,0.5132957292506044
BarnabyRudgeATaleoftheRiotsofEighty,0.28364222401289285,0.4560838033843675,0.0,0.4270749395648671,0.5181305398871878,0.5173247381144239,0.3166800966962128,0.5366639806607574,0.4512489927477841,0.3481063658340048,0.5761482675261886,0.5366639806607574,0.547945205479452,0.532634971796938,0.5423045930701047,0.5374697824335213,0.5519742143432715,0.36744560838033846,0.5382755842062852,0.2667203867848509,0.4125705076551168,0.4657534246575342,0.2731668009669621,0.4649476228847703,0.49556809024979853,0.26107977437550367,0.3811442385173247,0.4875100725221595,0.5036261079774376,0.44157937147461723,0.4399677679290894,0.49637389202256244,0.452054794520548,0.39323126510878326,0.44319097502014504,0.4254633360193393,0.4786462530217567,0.378726833199033,0.4665592264302981,0.3263497179693795,0.44802578565672846,0.46817082997582593
CatherineAStory,0.42062852538275586,0.5205479452054795,0.4270749395648671,0.0,0.44963738920225627,0.5543916196615633,0.4254633360193393,0.5132957292506044,0.5092667203867849,0.47381144238517325,0.5560032232070911,0.5680902497985496,0.5608380338436745,0.5793714746172441,0.5882352941176471,0.5753424657534247,0.5842062852538276,0.44721998388396456,0.5455278001611603,0.4512489927477841,0.47300564061240935,0.5052377115229654,0.4391619661563255,0.5157131345688961,0.5253827558420628,0.41740531829170024,0.44641418211120065,0.5253827558420628,0.5173247381144239,0.46897663174858983,0.46897663174858983,0.5294117647058824,0.5068493150684932,0.4794520547945206,0.3231265108783239,0.28847703464947627,0.5334407735697019,0.47058823529411764,0.28605962933118456,0.42385173247381147,0.3513295729250604,0.3029814665592264
Cranford,0.5318291700241741,0.47139403706688154,0.5181305398871878,0.44963738920225627,0.0,0.4794520547945206,0.4568896051571314,0.4327155519742143,0.49798549556809024,0.4512489927477841,0.5406929895245769,0.5350523771152296,0.5342465753424658,0.5261885576148267,0.5334407735697019,0.5052377115229654,0.5592264302981467,0.4826752618855762,0.44480257856567285,0.47703464947622887,0.3859790491539081,0.4931506849315068,0.47139403706688154,0.3207091055600322,0.44399677679290894,0.5100725221595488,0.4786462530217567,0.44560838033843675,0.47058823529411764,0.5318291700241741,0.34165995165189367,0.4633360193392425,0.532634971796938,0.38920225624496374,0.5052377115229654,0.47622884770346496,0.452054794520548,0.5052377115229654,0.44077356970185333,0.49476228847703463,0.47139403706688154,0.4552780016116036
DanielDeronda,0.5028203062046737,0.33440773569701854,0.5173247381144239,0.5543916196615633,0.4794520547945206,0.0,0.5124899274778405,0.41498791297340853,0.23771152296535047,0.41901692183722805,0.5906526994359387,0.580177276390008,0.5979049153908138,0.5769540692989524,0.572925060435133,0.589041095890411,0.5938759065269943,0.4020950846091862,0.4069298952457695,0.4818694601128123,0.4633360193392425,0.22240128928283642,0.46817082997582593,0.4053182917002417,0.41740531829170024,0.5382755842062852,0.44319097502014504,0.42062852538275586,0.41579371474617244,0.3255439161966156,0.4544721998388397,0.4069298952457695,0.3577759871071716,0.5688960515713135,0.5132957292506044,0.5358581788879935,0.25946817082997586,0.44641418211120065,0.5044319097502015,0.5576148267526189,0.4786462530217567,0.5423045930701047
DombeyandSon,0.3247381144238517,0.44963738920225627,0.3166800966962128,0.4254633360193393,0.4568896051571314,0.5124899274778405,0.0,0.5431103948428686,0.4335213537469782,0.298146655922643,0.5455278001611603,0.5350523771152296,0.5342465753424658,0.5028203062046737,0.5269943593875906,0.5060435132957293,0.5310233682514102,0.2957292506043513,0.5261885576148267,0.2731668009669621,0.459307010475423,0.4657534246575342,0.3448831587429493,0.49476228847703463,0.4649476228847703,0.3489121676067687,0.33601933924254634,0.5414987912973408,0.5390813859790491,0.44560838033843675,0.4270749395648671,0.5221595487510072,0.44319097502014504,0.4383561643835616,0.5012087026591459,0.4302981466559227,0.4786462530217567,0.33924254633360196,0.47381144238517325,0.3730862207896858,0.5020145044319098,0.4254633360193393
Emma,0.5229653505237711,0.4601128122481869,0.5366639806607574,0.5132957292506044,0.4327155519742143,0.41498791297340853,0.5431103948428686,0.0,0.47300564061240935,0.4552780016116036,0.6680096696212732,0.6446414182111201,0.6680096696212732,0.6422240128928284,0.6470588235294117,0.6349717969379532,0.6688154713940371,0.4383561643835616,0.1877518130539887,0.49717969379532634,0.4359387590652699,0.4077356970185334,0.4625302175664786,0.378726833199033,0.273972602739726,0.5882352941176471,0.4601128122481869,0.22965350523771155,0.2191780821917808,0.5221595487510072,0.3835616438356164,0.20225624496373895,0.49959709911361805,0.5100725221595488,0.47461724415793716,0.5141015310233683,0.467365028203062,0.46978243352135374,0.4834810636583401,0.5721192586623691,0.4649476228847703,0.5334407735697019
FelixHolttheRadical,0.4601128122481869,0.33521353746978244,0.4512489927477841,0.5092667203867849,0.49798549556809024,0.23771152296535047,0.4335213537469782,0.47300564061240935,0.0,0.4004834810636584,0.5769540692989524,0.5745366639806608,0.5979049153908138,0.5576148267526189,0.5697018533440774,0.6083803384367445,0.6035455278001611,0.36986301369863017,0.4399677679290894,0.4327155519742143,0.459307010475423,0.22965350523771155,0.41498791297340853,0.4383561643835616,0.427880741337631,0.47784045124899277,0.4262691377921032,0.41740531829170024,0.47381144238517325,0.2933118452860596,0.42385173247381147,0.4625302175664786,0.3279613215149073,0.5173247381144239,0.5036261079774376,0.4818694601128123,0.2763900080580177,0.4302981466559227,0.47784045124899277,0.5044319097502015,0.47219983883964545,0.49798549556809024
HardTimes,0.3448831587429493,0.42143432715551976,0.3481063658340048,0.47381144238517325,0.4512489927477841,0.41901692183722805,0.298146655922643,0.4552780016116036,0.4004834810636584,0.0,0.5866236905721193,0.5656728444802579,0.5680902497985496,0.5511684125705076,0.5576148267526189,0.5471394037066881,0.564867042707494,0.23045930701047546,0.44721998388396456,0.27961321514907334,0.4399677679290894,0.40290088638195,0.330378726833199,0.4085414987912973,0.44883158742949236,0.39000805801772764,0.25866236905721196,0.4794520547945206,0.4850926672038679,0.47058823529411764,0.39484286865431106,0.4536663980660758,0.4633360193392425,0.4399677679290894,0.5012087026591459,0.47300564061240935,0.44077356970185333,0.28525382755842066,0.4834810636583401,0.4053182917002417,0.4939564867042707,0.4786462530217567
HarryPotterandtheChamberofSecrets,0.5076551168412571,0.5124899274778405,0.5761482675261886,0.5560032232070911,0.5406929895245769,0.5906526994359387,0.5455278001611603,0.6680096696212732,0.5769540692989524,0.5866236905721193,0.0,0.17808219178082196,0.15632554391619657,0.2449637389202256,0.1909750201450443,0.19500402900886382,0.14585012087026594,0.5979049153908138,0.6559226430298146,0.580177276390008,0.5535858178887993,0.5761482675261886,0.6099919419822724,0.5850120870265915,0.6567284448025785,0.5213537469782433,0.556809024979855,0.6518936341659951,0.693795326349718,0.5132957292506044,0.5882352941176471,0.6792908944399678,0.5302175664786463,0.5294117647058824,0.5825946817082998,0.5858178887993554,0.5028203062046737,0.5342465753424658,0.6059629331184528,0.5100725221595488,0.6099919419822724,0.564867042707494
HarryPotterandtheDeathlyHallows,0.4931506849315068,0.539887187751813,0.5366639806607574,0.5680902497985496,0.5350523771152296,0.580177276390008,0.5350523771152296,0.6446414182111201,0.5745366639806608,0.5656728444802579,0.17808219178082196,0.0,0.1635777598710717,0.16599516518936341,0.15874294923448828,0.23932312651087828,0.17405318291700245,0.5640612409347301,0.6357775987107172,0.547945205479452,0.5511684125705076,0.5825946817082998,0.5495568090249798,0.5608380338436745,0.6253021756647865,0.5068493150684932,0.5261885576148267,0.6236905721192587,0.6591458501208702,0.5471394037066881,0.5713134568896052,0.652699435938759,0.5286059629331185,0.5100725221595488,0.5640612409347301,0.5858178887993554,0.5052377115229654,0.5100725221595488,0.6035455278001611,0.47381144238517325,0.5874294923448832,0.5592264302981467
HarryPotterandtheGobletofFire,0.49476228847703463,0.523771152296535,0.547945205479452,0.5608380338436745,0.5342465753424658,0.5979049153908138,0.5342465753424658,0.6680096696212732,0.5979049153908138,0.5680902497985496,0.15632554391619657,0.1635777598710717,0.0,0.20870265914585007,0.15471394037066877,0.22643029814665594,0.1337630942788074,0.5616438356164384,0.6390008058017728,0.5640612409347301,0.556809024979855,0.6011281224818694,0.5882352941176471,0.5995165189363416,0.636583400483481,0.5060435132957293,0.5664786462530218,0.6390008058017728,0.6688154713940371,0.5447219983883964,0.5970991136180499,0.6688154713940371,0.5269943593875906,0.5068493150684932,0.5761482675261886,0.5817888799355359,0.5213537469782433,0.5463336019339242,0.6083803384367445,0.4875100725221595,0.6083803384367445,0.5584206285253828
HarryPotterandtheHalfBloodPrince,0.5100725221595488,0.523771152296535,0.532634971796938,0.5793714746172441,0.5261885576148267,0.5769540692989524,0.5028203062046737,0.6422240128928284,0.5576148267526189,0.5511684125705076,0.2449637389202256,0.16599516518936341,0.20870265914585007,0.0,0.17405318291700245,0.2618855761482676,0.21031426269137787,0.547945205479452,0.6140209508460919,0.5076551168412571,0.5576148267526189,0.5624496373892023,0.5189363416599517,0.5688960515713135,0.564867042707494,0.49637389202256244,0.5261885576148267,0.6051571313456889,0.6357775987107172,0.5769540692989524,0.5785656728444802,0.636583400483481,0.5374697824335213,0.5108783239323127,0.5825946817082998,0.5769540692989524,0.4875100725221595,0.5020145044319098,0.6107977437550363,0.47058823529411764,0.5850120870265915,0.5745366639806608
HarryPotterandtheOrderofthePhoenix,0.5229653505237711,0.5100725221595488,0.5423045930701047,0.5882352941176471,0.5334407735697019,0.572925060435133,0.5269943593875906,0.6470588235294117,0.5697018533440774,0.5576148267526189,0.1909750201450443,0.15874294923448828,0.15471394037066877,0.17405318291700245,0.0,0.24174053182917,0.17324738114423854,0.5551974214343272,0.6172441579371475,0.5463336019339242,0.5503626107977437,0.5721192586623691,0.5705076551168413,0.580177276390008,0.6124093473005641,0.5076551168412571,0.5286059629331185,0.6140209508460919,0.6446414182111201,0.5616438356164384,0.6051571313456889,0.660757453666398,0.5141015310233683,0.5124899274778405,0.604351329572925,0.6091861402095085,0.49959709911361805,0.5124899274778405,0.6261079774375504,0.4802578565672845,0.604351329572925,0.589041095890411
HarryPotterandthePhilosophersStone,0.5068493150684932,0.484286865431104,0.5374697824335213,0.5753424657534247,0.5052377115229654,0.589041095890411,0.5060435132957293,0.6349717969379532,0.6083803384367445,0.5471394037066881,0.19500402900886382,0.23932312651087828,0.22643029814665594,0.2618855761482676,0.24174053182917,0.0,0.19500402900886382,0.580177276390008,0.6398066075745367,0.5519742143432715,0.5060435132957293,0.5898468976631749,0.580177276390008,0.5334407735697019,0.6116035455278002,0.4850926672038679,0.5390813859790491,0.6325543916196615,0.6438356164383562,0.5366639806607574,0.5511684125705076,0.6462530217566478,0.5197421434327156,0.4850926672038679,0.5672844480257857,0.580983078162772,0.5116841257050766,0.5253827558420628,0.5834004834810637,0.4883158742949234,0.5898468976631749,0.5721192586623691
HarryPotterandthePrisonerofAzkaban,0.508460918614021,0.5157131345688961,0.5519742143432715,0.5842062852538276,0.5592264302981467,0.5938759065269943,0.5310233682514102,0.6688154713940371,0.6035455278001611,0.564867042707494,0.14585012087026594,0.17405318291700245,0.1337630942788074,0.21031426269137787,0.17324738114423854,0.19500402900886382,0.0,0.5656728444802579,0.6672038678485093,0.5600322320709106,0.5608380338436745,0.6156325543916197,0.5825946817082998,0.6091861402095085,0.6599516518936341,0.5020145044319098,0.5294117647058824,0.6728444802578566,0.6929895245769541,0.564867042707494,0.6140209508460919,0.6946011281224819,0.5519742143432715,0.5253827558420628,0.5979049153908138,0.6027397260273972,0.5157131345688961,0.5342465753424658,0.6333601933924254,0.4867042707493956,0.6236905721192587,0.5946817082997582
LittleDorrit,0.30781627719580984,0.41337630942788073,0.36744560838033846,0.44721998388396456,0.4826752618855762,0.4020950846091862,0.2957292506043513,0.4383561643835616,0.36986301369863017,0.23045930701047546,0.5979049153908138,0.5640612409347301,0.5616438356164384,0.547945205479452,0.5551974214343272,0.580177276390008,0.5656728444802579,0.0,0.4375503626107977,0.24899274778404512,0.47300564061240935,0.3577759871071716,0.3045930701047542,0.4585012087026591,0.44721998388396456,0.4004834810636584,0.24979854955680902,0.47300564061240935,0.4601128122481869,0.4625302175664786,0.4383561643835616,0.4560838033843675,0.44399677679290894,0.491539081385979,0.47542304593070106,0.4367445608380338,0.41579371474617244,0.25705076551168415,0.4609186140209508,0.41337630942788073,0.4343271555197421,0.4536663980660758
MansfieldPark,0.5495568090249798,0.44802578565672846,0.5382755842062852,0.5455278001611603,0.44480257856567285,0.4069298952457695,0.5261885576148267,0.1877518130539887,0.4399677679290894,0.44721998388396456,0.6559226430298146,0.6357775987107172,0.6390008058017728,0.6140209508460919,0.6172441579371475,0.6398066075745367,0.6672038678485093,0.4375503626107977,0.0,0.47703464947622887,0.47139403706688154,0.3706688154713941,0.4585012087026591,0.39323126510878326,0.2159548751007252,0.5914585012087026,0.4923448831587429,0.18211120064464137,0.23690572119258657,0.49959709911361805,0.3980660757453667,0.21112006446414178,0.4665592264302981,0.51651893634166,0.5229653505237711,0.5189363416599517,0.44480257856567285,0.500402900886382,0.5205479452054795,0.5487510072522159,0.4923448831587429,0.5205479452054795
MartinChuzzlewit,0.33360193392425463,0.45044319097502017,0.2667203867848509,0.4512489927477841,0.47703464947622887,0.4818694601128123,0.2731668009669621,0.49717969379532634,0.4327155519742143,0.27961321514907334,0.580177276390008,0.547945205479452,0.5640612409347301,0.5076551168412571,0.5463336019339242,0.5519742143432715,0.5600322320709106,0.24899274778404512,0.47703464947622887,0.0,0.44641418211120065,0.410958904109589,0.25705076551168415,0.44802578565672846,0.459307010475423,0.3287671232876712,0.2949234488315874,0.4858984689766318,0.4891216760676873,0.4907332796132151,0.4262691377921032,0.47300564061240935,0.4528605962933119,0.44157937147461723,0.5044319097502015,0.42304593070104757,0.4359387590652699,0.2917002417405318,0.47542304593070106,0.3311845286059629,0.459307010475423,0.4786462530217567
MaryBarton,0.4601128122481869,0.39000805801772764,0.4125705076551168,0.47300564061240935,0.3859790491539081,0.4633360193392425,0.459307010475423,0.4359387590652699,0.459307010475423,0.4399677679290894,0.5535858178887993,0.5511684125705076,0.556809024979855,0.5576148267526189,0.5503626107977437,0.5060435132957293,0.5608380338436745,0.47300564061240935,0.47139403706688154,0.44641418211120065,0.0,0.4560838033843675,0.4383561643835616,0.27961321514907334,0.47219983883964545,0.4093473005640612,0.4552780016116036,0.4246575342465754,0.4641418211120064,0.44077356970185333,0.26107977437550367,0.44480257856567285,0.4528605962933119,0.24979854955680902,0.4399677679290894,0.4867042707493956,0.41418211120064463,0.47058823529411764,0.44721998388396456,0.4810636583400484,0.47461724415793716,0.47300564061240935
Middlemarch,0.46978243352135374,0.3279613215149073,0.4657534246575342,0.5052377115229654,0.4931506849315068,0.22240128928283642,0.4657534246575342,0.4077356970185334,0.22965350523771155,0.40290088638195,0.5761482675261886,0.5825946817082998,0.6011281224818694,0.5624496373892023,0.5721192586623691,0.5898468976631749,0.6156325543916197,0.3577759871071716,0.3706688154713941,0.410958904109589,0.4560838033843675,0.0,0.39242546333601935,0.427880741337631,0.3972602739726028,0.4899274778404512,0.38839645447219984,0.3827558420628525,0.42062852538275586,0.3263497179693795,0.4343271555197421,0.4053182917002417,0.3239323126510878,0.5382755842062852,0.5092667203867849,0.46897663174858983,0.2747784045124899,0.4045124899274778,0.4802578565672845,0.49556809024979853,0.4536663980660758,0.4802578565672845
NicholasNickleby,0.36905721192586627,0.4657534246575342,0.2731668009669621,0.4391619661563255,0.47139403706688154,0.46817082997582593,0.3448831587429493,0.4625302175664786,0.41498791297340853,0.330378726833199,0.6099919419822724,0.5495568090249798,0.5882352941176471,0.5189363416599517,0.5705076551168413,0.580177276390008,0.5825946817082998,0.3045930701047542,0.4585012087026591,0.25705076551168415,0.4383561643835616,0.39242546333601935,0.0,0.41579371474617244,0.4359387590652699,0.298146655922643,0.330378726833199,0.4383561643835616,0.44077356970185333,0.4939564867042707,0.4069298952457695,0.44399677679290894,0.44641418211120065,0.4625302175664786,0.4810636583400484,0.4101531023368251,0.4343271555197421,0.33924254633360196,0.4375503626107977,0.28203062046736505,0.4302981466559227,0.4359387590652699
NorthandSouth,0.4786462530217567,0.4053182917002417,0.4649476228847703,0.5157131345688961,0.3207091055600322,0.4053182917002417,0.49476228847703463,0.378726833199033,0.4383561643835616,0.4085414987912973,0.5850120870265915,0.5608380338436745,0.5995165189363416,0.5688960515713135,0.580177276390008,0.5334407735697019,0.6091861402095085,0.4585012087026591,0.39323126510878326,0.44802578565672846,0.27961321514907334,0.427880741337631,0.41579371474617244,0.0,0.38759065269943593,0.47542304593070106,0.4270749395648671,0.38839645447219984,0.41337630942788073,0.4633360193392425,0.23529411764705888,0.36261079774375504,0.4802578565672845,0.3190975020145045,0.491539081385979,0.500402900886382,0.3972602739726028,0.4343271555197421,0.4560838033843675,0.5342465753424658,0.4560838033843675,0.4899274778404512
NorthangerAbbey,0.5471394037066881,0.4665592264302981,0.49556809024979853,0.5253827558420628,0.44399677679290894,0.41740531829170024,0.4649476228847703,0.273972602739726,0.427880741337631,0.44883158742949236,0.6567284448025785,0.6253021756647865,0.636583400483481,0.564867042707494,0.6124093473005641,0.6116035455278002,0.6599516518936341,0.44721998388396456,0.2159548751007252,0.459307010475423,0.47219983883964545,0.3972602739726028,0.4359387590652699,0.38759065269943593,0.0,0.5713134568896052,0.5020145044319098,0.24174053182917,0.24738114423851731,0.5116841257050766,0.410958904109589,0.22401289282836423,0.4834810636583401,0.5302175664786463,0.5471394037066881,0.5318291700241741,0.4560838033843675,0.4802578565672845,0.5261885576148267,0.5382755842062852,0.5036261079774376,0.5431103948428686
OliverTwist,0.3158742949234489,0.4343271555197421,0.26107977437550367,0.41740531829170024,0.5100725221595488,0.5382755842062852,0.3489121676067687,0.5882352941176471,0.47784045124899277,0.39000805801772764,0.5213537469782433,0.5068493150684932,0.5060435132957293,0.49637389202256244,0.5076551168412571,0.4850926672038679,0.5020145044319098,0.4004834810636584,0.5914585012087026,0.3287671232876712,0.4093473005640612,0.4899274778404512,0.298146655922643,0.47542304593070106,0.5713134568896052,0.0,0.3811442385173247,0.5632554391619662,0.5793714746172441,0.4246575342465754,0.4359387590652699,0.5753424657534247,0.44399677679290894,0.3843674456083803,0.44077356970185333,0.3980660757453667,0.47381144238517325,0.3988718775181306,0.4617244157937147,0.23287671232876717,0.4802578565672845,0.42224012892828366
OurMutualFriend,0.3199033037872683,0.39564867042707497,0.3811442385173247,0.44641418211120065,0.4786462530217567,0.44319097502014504,0.33601933924254634,0.4601128122481869,0.4262691377921032,0.25866236905721196,0.556809024979855,0.5261885576148267,0.5664786462530218,0.5261885576148267,0.5286059629331185,0.5390813859790491,0.5294117647058824,0.24979854955680902,0.4923448831587429,0.2949234488315874,0.4552780016116036,0.38839645447219984,0.330378726833199,0.4270749395648671,0.5020145044319098,0.3811442385173247,0.0,0.5100725221595488,0.47784045124899277,0.4399677679290894,0.4536663980660758,0.484286865431104,0.435132957292506,0.4560838033843675,0.46817082997582593,0.4327155519742143,0.38920225624496374,0.24174053182917,0.4609186140209508,0.3996776792908945,0.4254633360193393,0.47300564061240935
Persuasion,0.5302175664786463,0.4327155519742143,0.4875100725221595,0.5253827558420628,0.44560838033843675,0.42062852538275586,0.5414987912973408,0.22965350523771155,0.41740531829170024,0.4794520547945206,0.6518936341659951,0.6236905721192587,0.6390008058017728,0.6051571313456889,0.6140209508460919,0.6325543916196615,0.6728444802578566,0.47300564061240935,0.18211120064464137,0.4858984689766318,0.4246575342465754,0.3827558420628525,0.4383561643835616,0.38839645447219984,0.24174053182917,0.5632554391619662,0.5100725221595488,0.0,0.27961321514907334,0.4834810636583401,0.40290088638195,0.2506043513295729,0.4367445608380338,0.4818694601128123,0.49798549556809024,0.5157131345688961,0.4391619661563255,0.4899274778404512,0.49798549556809024,0.5366639806607574,0.49556809024979853,0.5020145044319098
PrideandPrejudice,0.5592264302981467,0.5124899274778405,0.5036261079774376,0.5173247381144239,0.47058823529411764,0.41579371474617244,0.5390813859790491,0.2191780821917808,0.47381144238517325,0.4850926672038679,0.693795326349718,0.6591458501208702,0.6688154713940371,0.6357775987107172,0.6446414182111201,0.6438356164383562,0.6929895245769541,0.4601128122481869,0.23690572119258657,0.4891216760676873,0.4641418211120064,0.42062852538275586,0.44077356970185333,0.41337630942788073,0.24738114423851731,0.5793714746172441,0.47784045124899277,0.27961321514907334,0.0,0.49637389202256244,0.4125705076551168,0.1627719580983078,0.4786462530217567,0.5116841257050766,0.4810636583400484,0.5181305398871878,0.4875100725221595,0.46897663174858983,0.47622884770346496,0.5584206285253828,0.44641418211120065,0.5286059629331185
Romola,0.39484286865431106,0.30539887187751813,0.44157937147461723,0.46897663174858983,0.5318291700241741,0.3255439161966156,0.44560838033843675,0.5221595487510072,0.2933118452860596,0.47058823529411764,0.5132957292506044,0.5471394037066881,0.5447219983883964,0.5769540692989524,0.5616438356164384,0.5366639806607574,0.564867042707494,0.4625302175664786,0.49959709911361805,0.4907332796132151,0.44077356970185333,0.3263497179693795,0.4939564867042707,0.4633360193392425,0.5116841257050766,0.4246575342465754,0.4399677679290894,0.4834810636583401,0.49637389202256244,0.0,0.4399677679290894,0.47461724415793716,0.330378726833199,0.435132957292506,0.44721998388396456,0.4609186140209508,0.36099919419822724,0.44802578565672846,0.4512489927477841,0.47622884770346496,0.4536663980660758,0.4528605962933119
Ruth,0.44963738920225627,0.44157937147461723,0.4399677679290894,0.46897663174858983,0.34165995165189367,0.4544721998388397,0.4270749395648671,0.3835616438356164,0.42385173247381147,0.39484286865431106,0.5882352941176471,0.5713134568896052,0.5970991136180499,0.5785656728444802,0.6051571313456889,0.5511684125705076,0.6140209508460919,0.4383561643835616,0.3980660757453667,0.4262691377921032,0.26107977437550367,0.4343271555197421,0.4069298952457695,0.23529411764705888,0.410958904109589,0.4359387590652699,0.4536663980660758,0.40290088638195,0.4125705076551168,0.4399677679290894,0.0,0.3706688154713941,0.4867042707493956,0.2973408541498791,0.44399677679290894,0.4270749395648671,0.4367445608380338,0.4560838033843675,0.4101531023368251,0.47219983883964545,0.435132957292506,0.41498791297340853
SenseandSensibility,0.5278001611603546,0.49637389202256244,0.49637389202256244,0.5294117647058824,0.4633360193392425,0.4069298952457695,0.5221595487510072,0.20225624496373895,0.4625302175664786,0.4536663980660758,0.6792908944399678,0.652699435938759,0.6688154713940371,0.636583400483481,0.660757453666398,0.6462530217566478,0.6946011281224819,0.4560838033843675,0.21112006446414178,0.47300564061240935,0.44480257856567285,0.4053182917002417,0.44399677679290894,0.36261079774375504,0.22401289282836423,0.5753424657534247,0.484286865431104,0.2506043513295729,0.1627719580983078,0.47461724415793716,0.3706688154713941,0.0,0.4891216760676873,0.47461724415793716,0.47058823529411764,0.5092667203867849,0.4850926672038679,0.4818694601128123,0.4850926672038679,0.5535858178887993,0.4601128122481869,0.5197421434327156
SilasMarner,0.4649476228847703,0.24738114423851731,0.452054794520548,0.5068493150684932,0.532634971796938,0.3577759871071716,0.44319097502014504,0.49959709911361805,0.3279613215149073,0.4633360193392425,0.5302175664786463,0.5286059629331185,0.5269943593875906,0.5374697824335213,0.5141015310233683,0.5197421434327156,0.5519742143432715,0.44399677679290894,0.4665592264302981,0.4528605962933119,0.4528605962933119,0.3239323126510878,0.44641418211120065,0.4802578565672845,0.4834810636583401,0.44399677679290894,0.435132957292506,0.4367445608380338,0.4786462530217567,0.330378726833199,0.4867042707493956,0.4891216760676873,0.0,0.49476228847703463,0.4810636583400484,0.47381144238517325,0.28686543110394847,0.4568896051571314,0.4818694601128123,0.47703464947622887,0.4657534246575342,0.4891216760676873
SylviasLovers—Complete,0.41498791297340853,0.44480257856567285,0.39323126510878326,0.4794520547945206,0.38920225624496374,0.5688960515713135,0.4383561643835616,0.5100725221595488,0.5173247381144239,0.4399677679290894,0.5294117647058824,0.5100725221595488,0.5068493150684932,0.5108783239323127,0.5124899274778405,0.4850926672038679,0.5253827558420628,0.491539081385979,0.51651893634166,0.44157937147461723,0.24979854955680902,0.5382755842062852,0.4625302175664786,0.3190975020145045,0.5302175664786463,0.3843674456083803,0.4560838033843675,0.4818694601128123,0.5116841257050766,0.435132957292506,0.2973408541498791,0.47461724415793716,0.49476228847703463,0.0,0.44319097502014504,0.47542304593070106,0.47622884770346496,0.4544721998388397,0.4810636583400484,0.44399677679290894,0.49959709911361805,0.44399677679290894
TheHistoryofHenryEsmondEsqaColonelintheServiceofHerMajestyQueenAnne,0.4053182917002417,0.49717969379532634,0.44319097502014504,0.3231265108783239,0.5052377115229654,0.5132957292506044,0.5012087026591459,0.47461724415793716,0.5036261079774376,0.5012087026591459,0.5825946817082998,0.5640612409347301,0.5761482675261886,0.5825946817082998,0.604351329572925,0.5672844480257857,0.5979049153908138,0.47542304593070106,0.5229653505237711,0.5044319097502015,0.4399677679290894,0.5092667203867849,0.4810636583400484,0.491539081385979,0.5471394037066881,0.44077356970185333,0.46817082997582593,0.49798549556809024,0.4810636583400484,0.44721998388396456,0.44399677679290894,0.47058823529411764,0.4810636583400484,0.44319097502014504,0.0,0.23771152296535047,0.5189363416599517,0.500402900886382,0.19742143432715553,0.4512489927477841,0.2159548751007252,0.25382755842062854
TheHistoryofPendennis,0.39564867042707497,0.500402900886382,0.4254633360193393,0.28847703464947627,0.47622884770346496,0.5358581788879935,0.4302981466559227,0.5141015310233683,0.4818694601128123,0.47300564061240935,0.5858178887993554,0.5858178887993554,0.5817888799355359,0.5769540692989524,0.6091861402095085,0.580983078162772,0.6027397260273972,0.4367445608380338,0.5189363416599517,0.42304593070104757,0.4867042707493956,0.46897663174858983,0.4101531023368251,0.500402900886382,0.5318291700241741,0.3980660757453667,0.4327155519742143,0.5157131345688961,0.5181305398871878,0.4609186140209508,0.4270749395648671,0.5092667203867849,0.47381144238517325,0.47542304593070106,0.23771152296535047,0.0,0.4923448831587429,0.467365028203062,0.17566478646253025,0.3577759871071716,0.2183722804190169,0.16116035455278
TheMillontheFloss,0.4899274778404512,0.23287671232876717,0.4786462530217567,0.5334407735697019,0.452054794520548,0.25946817082997586,0.4786462530217567,0.467365028203062,0.2763900080580177,0.44077356970185333,0.5028203062046737,0.5052377115229654,0.5213537469782433,0.4875100725221595,0.49959709911361805,0.5116841257050766,0.5157131345688961,0.41579371474617244,0.44480257856567285,0.4359387590652699,0.41418211120064463,0.2747784045124899,0.4343271555197421,0.3972602739726028,0.4560838033843675,0.47381144238517325,0.38920225624496374,0.4391619661563255,0.4875100725221595,0.36099919419822724,0.4367445608380338,0.4850926672038679,0.28686543110394847,0.47622884770346496,0.5189363416599517,0.4923448831587429,0.0,0.44560838033843675,0.49476228847703463,0.49879129734085415,0.459307010475423,0.5044319097502015
TheMysteryofEdwinDrood,0.30620467365028203,0.4294923448831588,0.378726833199033,0.47058823529411764,0.5052377115229654,0.44641418211120065,0.33924254633360196,0.46978243352135374,0.4302981466559227,0.28525382755842066,0.5342465753424658,0.5100725221595488,0.5463336019339242,0.5020145044319098,0.5124899274778405,0.5253827558420628,0.5342465753424658,0.25705076551168415,0.500402900886382,0.2917002417405318,0.47058823529411764,0.4045124899274778,0.33924254633360196,0.4343271555197421,0.4802578565672845,0.3988718775181306,0.24174053182917,0.4899274778404512,0.46897663174858983,0.44802578565672846,0.4560838033843675,0.4818694601128123,0.4568896051571314,0.4544721998388397,0.500402900886382,0.467365028203062,0.44560838033843675,0.0,0.4810636583400484,0.4262691377921032,0.4391619661563255,0.4850926672038679
TheNewcomesMemoirsofaMostRespectableFamily,0.427880741337631,0.5012087026591459,0.4665592264302981,0.28605962933118456,0.44077356970185333,0.5044319097502015,0.47381144238517325,0.4834810636583401,0.47784045124899277,0.4834810636583401,0.6059629331184528,0.6035455278001611,0.6083803384367445,0.6107977437550363,0.6261079774375504,0.5834004834810637,0.6333601933924254,0.4609186140209508,0.5205479452054795,0.47542304593070106,0.44721998388396456,0.4802578565672845,0.4375503626107977,0.4560838033843675,0.5261885576148267,0.4617244157937147,0.4609186140209508,0.49798549556809024,0.47622884770346496,0.4512489927477841,0.4101531023368251,0.4850926672038679,0.4818694601128123,0.4810636583400484,0.19742143432715553,0.17566478646253025,0.49476228847703463,0.4810636583400484,0.0,0.44721998388396456,0.14585012087026594,0.19742143432715553
ThePickwickPapers,0.3473005640612409,0.5028203062046737,0.3263497179693795,0.42385173247381147,0.49476228847703463,0.5576148267526189,0.3730862207896858,0.5721192586623691,0.5044319097502015,0.4053182917002417,0.5100725221595488,0.47381144238517325,0.4875100725221595,0.47058823529411764,0.4802578565672845,0.4883158742949234,0.4867042707493956,0.41337630942788073,0.5487510072522159,0.3311845286059629,0.4810636583400484,0.49556809024979853,0.28203062046736505,0.5342465753424658,0.5382755842062852,0.23287671232876717,0.3996776792908945,0.5366639806607574,0.5584206285253828,0.47622884770346496,0.47219983883964545,0.5535858178887993,0.47703464947622887,0.44399677679290894,0.4512489927477841,0.3577759871071716,0.49879129734085415,0.4262691377921032,0.44721998388396456,0.0,0.4633360193392425,0.38678485092667203
TheVirginians,0.44157937147461723,0.4818694601128123,0.44802578565672846,0.3513295729250604,0.47139403706688154,0.4786462530217567,0.5020145044319098,0.4649476228847703,0.47219983883964545,0.4939564867042707,0.6099919419822724,0.5874294923448832,0.6083803384367445,0.5850120870265915,0.604351329572925,0.5898468976631749,0.6236905721192587,0.4343271555197421,0.4923448831587429,0.459307010475423,0.47461724415793716,0.4536663980660758,0.4302981466559227,0.4560838033843675,0.5036261079774376,0.4802578565672845,0.4254633360193393,0.49556809024979853,0.44641418211120065,0.4536663980660758,0.435132957292506,0.4601128122481869,0.4657534246575342,0.49959709911361805,0.2159548751007252,0.2183722804190169,0.459307010475423,0.4391619661563255,0.14585012087026594,0.4633360193392425,0.0,0.25624496373892025
VanityFair,0.41821112006446415,0.5132957292506044,0.46817082997582593,0.3029814665592264,0.4552780016116036,0.5423045930701047,0.4254633360193393,0.5334407735697019,0.49798549556809024,0.4786462530217567,0.564867042707494,0.5592264302981467,0.5584206285253828,0.5745366639806608,0.589041095890411,0.5721192586623691,0.5946817082997582,0.4536663980660758,0.5205479452054795,0.4786462530217567,0.47300564061240935,0.4802578565672845,0.4359387590652699,0.4899274778404512,0.5431103948428686,0.42224012892828366,0.47300564061240935,0.5020145044319098,0.5286059629331185,0.4528605962933119,0.41498791297340853,0.5197421434327156,0.4891216760676873,0.44399677679290894,0.25382755842062854,0.16116035455278,0.5044319097502015,0.4850926672038679,0.19742143432715553,0.38678485092667203,0.25624496373892025,0.0
